1	4	80	7.039477	-0.770990	-8.614800	-12.520991	-4.949852	6.862938	-11.764048	-12.143391	-10.667875
1	4	9	7.031864	-0.768854	-6.302907	-1.163107	-4.950202	-9.028936	1.081400	6.679393	5.934960
1	4	7	-4.128739	-1.129865	3.728154	4.524167	-1.649065	-12.457035	1.197006	6.705070	6.126055
1	4	3	-4.128625	-1.130269	7.238937	4.558229	3.996549	-18.348895	4.421234	7.008036	7.225680
2	4	49	6.117487	-1.650518	-11.718497	-13.369127	-5.939955	3.526517	-6.629685	-8.598258	-11.665378
2	4	7	6.100996	-1.650518	-11.717930	-7.123391	-5.939315	-2.085203	-2.072460	-6.025757	-6.010737
2	4	27	5.218064	-1.650582	-6.529506	-0.899134	-5.892482	-15.029696	2.746875	7.542567	4.718870
2	4	9	-4.228814	-2.129238	5.973725	4.995547	4.415373	-22.281578	8.241313	8.043587	4.766218
3	3	39	-12.042503	3.592704	-6.474095	1.121892	-5.669299	-12.126045	1.248223	6.502189	6.805648
3	3	47	-5.976722	3.567867	-10.681922	-6.892955	-5.663537	9.353184	-9.846408	-9.000906	-8.272928
3	3	14	-16.770255	0.924703	3.614608	6.955026	5.972790	-16.869490	7.446524	6.596819	7.823783
4	2	63	-5.256278	2.397459	-11.560149	-4.885320	-8.026602	6.839106	-12.774755	-8.919152	-8.646341
4	2	37	7.379057	-0.944251	-11.393212	-8.583071	-9.116076	1.769207	-12.710611	-7.027710	-6.423991
5	4	55	-6.268534	2.072322	-5.741563	-5.562384	5.433174	3.224438	-0.470246	-6.137000	-10.113943
5	4	11	-11.546708	1.983118	-3.135398	2.492235	5.433502	-9.149109	1.730017	0.711196	-2.660987
5	4	12	-14.364090	1.026199	2.006780	4.146368	5.443909	-20.671185	6.422575	6.454415	4.488584
5	4	17	-11.461884	1.939557	-2.573551	3.711020	5.433566	-20.467670	6.422575	6.454415	4.488584
6	4	87	-3.444744	3.228298	-11.206753	-5.679455	-3.933987	11.339710	-13.259484	-7.868906	-12.586451
6	4	5	5.814437	-0.589702	-9.062420	-9.426746	-2.779772	9.832223	-13.246330	-7.868879	-12.586399
6	4	7	-11.413013	-0.568538	6.433175	5.939497	8.132265	-11.347607	4.978464	7.018416	5.125789
6	4	1	5.814437	-0.589702	-9.062391	-9.296945	3.076021	5.177619	-6.715085	-7.849468	-12.548255
7	4	23	-3.850047	3.684148	-10.388285	-8.468865	-0.738277	7.779998	-11.176243	-8.410857	-11.986265
7	4	23	-3.850047	3.684148	-10.388285	-8.027204	5.125982	1.875820	-6.347819	-8.274236	-11.696315
7	4	19	2.412229	1.504762	-15.270270	-8.817624	-4.924330	7.138770	-12.482868	-8.410855	-11.986166
7	4	10	-9.419817	3.854949	-4.810037	1.718088	4.997401	-16.820871	5.765199	6.474835	5.737409
8	4	44	6.842767	0.739597	-11.362248	-11.892137	1.256620	4.492636	-3.554716	-7.420390	-7.991154
8	4	30	-8.455301	0.344216	4.376724	4.410012	7.937749	-18.700611	7.891023	5.964125	7.167873
8	4	22	6.495163	0.737145	-5.958652	-0.658294	1.478005	-9.173349	7.741148	5.961854	7.167260
8	4	4	-4.746519	2.875455	-2.687848	-0.317966	4.976233	-10.768326	7.889292	5.964100	7.167866
9	4	20	1.070095	-3.573536	4.912461	1.163225	1.786381	-17.523496	7.165723	5.682366	7.722852
9	4	50	7.840588	0.084807	-12.042354	-7.713034	-5.545973	7.426746	-6.745329	-11.604593	-7.450287
9	4	16	-7.414172	0.392724	6.463201	7.261913	6.630196	-18.277771	7.785410	5.682390	7.722886
9	4	14	1.068052	-3.486632	4.789496	1.163294	-4.495287	-15.751036	2.875189	5.454676	7.404606
10	2	99	1.950840	2.025215	-13.610395	-13.794623	-5.893671	11.677523	-8.933774	-4.470242	-10.433985
10	2	1	-9.994857	0.044678	0.864611	4.375862	-1.430689	-16.523937	2.004776	6.468103	4.341604
11	4	25	-8.047370	0.471955	7.248939	5.351450	6.479340	-21.192576	5.638315	7.685951	6.682439
11	4	18	7.337234	0.213737	-4.414372	0.895099	-2.179695	-17.153833	3.498310	7.262511	6.682226
11	4	43	8.656686	0.213739	-10.045677	-9.201146	-2.251452	1.752812	-5.245249	-10.168595	-6.037077
11	4	5	3.158081	-1.585472	1.331760	1.851240	-0.451123	-19.924651	4.550820	7.531339	6.682428
12	4	56	6.919488	-0.627021	-11.379635	-4.176311	1.248994	-9.520355	-1.027874	1.192955	-4.792819
12	4	16	-9.811929	-0.543999	5.027017	6.353067	7.435145	-23.701824	5.694195	8.432903	6.299489
12	4	13	3.334431	-0.625791	-7.598103	2.256071	1.248536	-21.527852	4.813059	8.432412	6.298469
12	4	5	-5.707485	-0.543941	1.368039	-0.042435	7.435117	-12.880385	-0.147150	1.196836	-4.692305
13	4	58	5.137064	0.058008	-10.277291	-6.149562	2.951580	1.599674	-7.870047	-6.214632	-9.613910
13	4	9	-12.085717	0.066870	6.169044	8.003834	7.482848	-19.894316	4.134678	8.054359	5.598028
13	4	26	-11.890766	0.216603	1.487780	4.176223	7.288891	-8.295675	-1.704599	-2.220815	-5.886002
13	4	7	-5.494478	0.862688	0.476700	-2.254489	5.035372	1.630411	-7.862339	-6.234755	-9.661292
14	2	19	6.440647	-1.069679	-10.691024	-0.482664	-12.506441	-4.378645	-6.369623	-1.639472	-1.022143
14	2	81	7.814504	-1.069684	-10.691791	-7.628077	-12.506431	6.868600	-15.600585	-11.635884	-7.797493
15	4	5	-2.552026	2.153712	-0.075878	-13.176845	4.814911	3.084294	-4.499526	-10.063500	-7.497001
15	4	62	-7.489017	1.834091	5.374737	-0.436372	5.931196	-14.898635	6.624831	6.280844	7.333444
15	4	10	5.256529	0.913774	-8.683194	-12.712498	5.276706	2.695976	-4.057051	-10.033941	-7.159255
15	4	20	5.255046	0.914886	-9.148435	-13.466309	-1.172732	8.533493	-11.075833	-10.106002	-8.181073
16	4	18	-6.442047	2.280924	-3.327276	-0.416774	3.741239	-17.773372	4.931012	5.573319	8.533579
16	4	28	1.791968	2.082863	-11.060107	-13.366356	-8.136953	8.453651	-9.924876	-13.297558	-9.147731
16	4	41	-4.909566	2.283724	-6.284182	-12.430420	3.731230	4.207929	-4.329232	-13.285159	-9.147742
16	4	13	-10.859378	1.181419	3.862873	0.055887	6.517703	-20.784315	4.956321	5.574179	8.533580
17	3	26	-4.416097	4.078556	-8.234271	-10.096305	3.578632	8.291091	-8.251000	-3.374723	-10.965526
17	3	72	6.053620	1.239064	-7.010611	-11.214343	-2.550425	10.296926	-13.130862	-3.374723	-11.060039
17	3	2	4.867363	-2.588087	4.043769	-5.956656	3.381973	-2.033044	-1.883683	0.231312	-6.701261
18	2	94	-15.224747	0.969570	5.706385	4.772403	7.210066	-22.369385	6.856583	5.274446	6.441318
18	2	6	-0.572998	2.261077	-8.648599	-9.167474	3.591522	1.327392	-3.678102	-8.381790	-11.356893
19	3	56	-10.850531	0.175937	4.784642	5.901618	6.473074	-18.988279	6.187150	5.843555	8.800199
19	3	31	5.840833	0.247546	-14.040344	-4.784927	-4.120590	9.534257	-9.742381	-10.207960	-3.705625
19	3	13	3.909539	0.247554	-8.432526	0.718260	-3.898321	-9.277746	1.816757	4.655133	8.779354
20	4	70	7.690495	0.318539	-11.992038	-12.290273	-4.496871	7.360896	-10.746399	-9.369178	-10.154650
20	4	21	-0.190089	0.685188	4.221922	2.535132	-4.832464	-15.898031	1.614744	5.349178	6.053256
20	4	6	-7.011544	4.216588	-1.036261	-0.001408	-4.994984	-10.560788	1.527315	5.308767	5.970567
20	4	1	-6.954500	4.218118	-1.063660	-0.048782	-4.995716	-4.844815	1.464498	5.278976	5.905621
21	4	47	5.490624	0.307492	-14.189570	-8.800824	1.988826	6.171896	-4.378503	-7.781244	-12.108098
21	4	26	-1.855741	1.951798	-5.207612	4.269686	5.650283	-15.999157	8.589934	5.793181	6.475964
21	4	7	-7.376541	1.975850	-5.048399	4.352060	5.842165	-16.011159	8.590007	5.793181	6.475964
21	4	9	5.490625	0.307492	-14.189602	-8.800855	-2.347450	8.057640	-6.443179	-7.788318	-12.108098
22	2	67	4.077064	-1.844138	-13.841757	-9.802205	-5.697132	7.779756	-13.492516	-3.832671	-12.299388
22	2	33	-11.931691	-1.988701	4.741413	8.658102	7.261729	-13.790383	4.823301	8.602810	6.670615
23	4	9	5.175602	1.291161	-16.898792	-8.737736	-7.176736	10.009062	-14.077648	-7.737150	-10.181317
23	4	86	5.175602	1.291161	-16.898792	-8.737727	-0.608579	10.006849	-10.308750	-7.737106	-10.181311
23	4	4	2.737734	1.291314	-11.846697	0.823470	0.248191	-11.852296	3.551865	6.647075	4.489911
23	4	1	-7.717311	2.187568	0.887459	5.740003	2.250303	-16.524149	4.573176	6.647958	4.521134
24	4	21	-12.177952	2.764353	-3.840177	2.263444	-1.274925	-4.950054	-1.214869	-7.016565	-4.459365
24	4	29	-14.002290	1.027416	7.612373	4.711973	5.489489	-14.114934	1.448591	-1.768734	-0.725296
24	4	39	-14.002300	1.027416	7.815016	6.364426	5.489489	-18.284700	7.374779	5.582233	4.271782
24	4	11	-5.652285	2.766743	-3.970882	-4.043667	-1.321093	6.193182	-4.034120	-13.526186	-9.633143
25	4	13	0.758644	1.977415	-5.064927	-7.879890	-6.641666	10.059986	-6.365210	-9.102044	-8.879537
25	4	19	-13.414292	1.853688	3.708478	6.128443	-3.159779	-10.359785	2.204045	8.345341	5.726905
25	4	35	-13.414292	1.853391	4.738580	6.158418	3.343948	-16.957581	7.342390	8.421761	6.084428
25	4	27	-4.076237	2.404687	-3.488513	-4.964531	-3.442386	10.078388	-6.359630	-9.101848	-8.880822
26	3	44	7.652953	-0.426228	-7.108969	-7.749545	-3.286230	9.472887	-8.874657	-10.449516	-12.908448
26	3	21	1.970006	-0.424996	-5.847597	3.890200	-3.130459	-12.093503	0.322712	6.290560	5.340890
26	3	35	-7.937480	-0.313046	7.059518	8.855153	6.756216	-16.826269	5.568824	6.335685	5.341290
27	3	60	7.352581	-0.740027	-6.692114	-7.080610	-5.860376	8.793315	-12.802891	-8.376205	-12.045976
27	3	37	-4.984865	1.781396	0.925373	-6.014515	4.773238	3.244247	-6.181965	-8.240603	-11.305042
27	3	3	-9.137269	1.035633	4.116916	6.027943	5.235478	-18.734270	4.054035	3.906513	5.075331
28	2	45	2.362175	-3.758380	-4.304416	0.148163	5.343011	-21.385132	5.609610	7.248639	6.980520
28	2	55	-10.886823	-3.620885	6.396166	5.458940	8.968495	-21.400790	5.617067	7.248844	6.980533
29	3	68	6.891947	0.836013	-9.510821	-12.626433	-2.609040	8.702048	-11.201862	-3.604597	-5.872264
29	3	21	6.891010	0.835985	-8.025082	-5.032952	-2.609030	-7.494246	0.953435	7.435004	6.102157
29	3	11	-6.169421	1.186449	6.311339	1.130584	6.090481	-16.028829	5.990303	7.444964	6.805718
30	3	10	4.351824	-3.406965	2.474458	-3.791725	-5.782866	-9.808714	0.536014	6.761858	8.221932
30	3	42	8.013461	1.539393	-6.938216	-9.924919	-11.889907	-9.015544	0.536013	6.761858	8.221932
30	3	48	8.013534	1.539393	-12.861131	-21.982824	-11.889539	7.996562	-9.891524	-9.711789	-7.984136
31	4	56	6.744151	-1.117707	-9.954768	-8.581181	-8.425872	6.087676	-6.347897	-16.113565	-10.599703
31	4	21	-7.392952	-1.008378	8.549019	6.548127	3.655293	-14.645008	6.519540	1.721820	6.630618
31	4	16	3.620020	-1.123620	-4.360897	0.240323	-6.510898	-7.059108	1.966090	1.647055	6.466623
31	4	7	-1.920869	-0.995839	8.136511	6.497748	2.868717	-13.612512	6.518476	1.721820	6.630618
32	4	75	-3.214830	2.989591	-10.760655	-2.699323	-6.157061	11.748247	-10.454996	-16.200427	-6.081837
32	4	15	4.914173	-0.841449	-13.920675	-6.623383	-8.169791	11.103033	-10.541540	-16.200427	-6.081837
32	4	6	-3.214839	2.989594	-10.363918	-2.699325	0.069606	11.747533	-7.955031	-16.200427	-6.081837
32	4	4	-12.574474	-1.146866	1.505552	7.750584	4.663083	-9.237593	6.925519	1.723877	6.800470
33	3	70	-9.219682	1.238755	6.378281	5.915413	5.615506	-15.287287	5.691292	8.385667	6.948164
33	3	24	7.496121	1.462544	-7.158627	-11.809302	-7.532740	8.998677	-7.973884	-8.611581	-3.029354
33	3	6	-4.094666	1.238839	2.821262	-5.987344	5.506428	5.416950	-4.003898	-8.611592	-2.997482
34	4	18	-12.137539	-1.230175	3.539168	6.324292	4.953129	-19.960003	8.709717	4.391824	6.289179
34	4	17	-10.907605	2.895870	-5.748518	3.432395	-0.759343	-11.726430	5.452480	4.330440	6.289179
34	4	10	0.405942	-0.086198	-5.310676	4.211937	2.213804	-14.275928	8.667929	4.391608	6.289179
34	4	4	-10.907605	2.895870	-5.748520	3.432395	-5.937803	-11.623470	4.228148	4.243578	6.289179
35	2	94	4.545873	1.706978	-16.047050	-16.482257	-4.060165	9.674303	-9.149890	-8.523650	-11.212964
35	2	6	-8.645396	2.701856	-6.852661	2.007186	0.941371	-15.253199	2.101792	4.704110	5.448734
36	2	64	-10.051852	-3.425910	7.699797	5.484906	6.765274	-16.121424	6.937868	5.968142	8.451839
36	2	36	6.768128	-3.451177	-6.367153	-6.925372	-3.416626	7.350645	-8.090982	-10.123145	-6.912269
37	2	95	-6.964059	2.206950	-9.653612	-10.116982	-4.231323	9.669617	-14.182988	-6.556135	-8.765784
37	2	5	-19.146032	0.610278	3.075055	3.877805	5.211875	-19.851167	2.824597	8.035870	5.444947
38	4	44	7.078091	0.347821	-7.542557	-12.198795	-7.727743	9.254688	-6.854274	-7.531965	-6.393545
38	4	26	-11.752622	0.216361	7.002453	5.636667	-1.489103	-10.980161	2.761396	7.686931	9.326759
38	4	17	-5.366289	0.216344	5.059587	-6.010721	-1.489113	9.007921	-6.136003	-7.531953	-6.392970
38	4	3	-5.366289	0.216344	5.059587	-6.010721	5.024876	6.059638	-3.833657	-7.530168	-6.387195
39	3	52	-4.761888	1.913558	-5.772706	-7.462776	-0.172812	7.083531	-7.712085	-16.295582	-9.949920
39	3	30	3.630686	0.445614	-9.877216	-9.618583	-2.518162	6.993263	-7.716232	-16.295904	-9.952626
39	3	18	-9.845497	-0.236095	5.234461	7.183046	6.616149	-17.949585	7.273019	2.123806	4.745896
40	4	16	3.081245	0.572432	-3.822650	-1.742414	1.717118	-10.402628	4.665721	5.728465	6.009773
40	4	13	1.399181	0.550354	1.332719	1.146803	1.764457	-14.219067	4.843505	5.728470	6.009773
40	4	4	4.550944	-0.068515	0.758774	-6.771688	1.806998	4.756243	0.706779	-0.579930	3.646054
40	4	32	6.147163	-0.089342	-8.567291	-11.299149	-3.992557	8.411411	-7.638314	-9.914719	-7.649553
41	3	39	-9.703287	1.876583	-3.727818	4.332343	5.478576	-17.320355	6.261430	5.258982	6.916447
41	3	52	6.216035	-1.485883	-8.266122	-0.614088	4.152066	-17.340705	6.261429	5.258982	6.916447
41	3	9	-10.292704	-1.695883	4.101783	5.416790	7.004945	-23.008232	6.261430	5.258982	6.916447
42	2	62	-3.531090	3.054155	-13.271869	-9.176212	7.431642	4.615229	-3.270504	-9.240690	-11.600259
42	2	38	-9.367274	2.372380	1.045765	2.208953	7.489860	-16.592116	6.208949	4.565210	4.886913
43	3	42	4.177123	-4.337094	3.397183	-0.521928	5.419855	-18.218971	6.567378	6.461251	6.227884
43	3	18	5.823861	0.880657	-6.404342	-10.020121	3.568224	2.728941	-4.792393	-7.169849	-9.294860
43	3	40	-6.106873	0.014478	8.400641	4.238812	9.186455	-20.469898	6.567384	6.461254	6.227884
44	2	98	4.518353	1.130378	-12.901638	-11.535488	-3.829659	10.013029	-10.450739	-8.740885	-14.115569
44	2	2	-7.692855	2.668246	-6.592651	4.869550	4.136495	-12.423280	3.743030	7.938814	2.953659
45	4	15	-3.404385	2.210859	-4.921319	2.487882	-2.610695	-8.140367	2.026909	8.812024	4.814519
45	4	62	7.402300	-3.248481	-8.895597	-12.268896	-2.939697	6.714220	-10.780389	-2.278515	-9.180313
45	4	17	-6.229930	-3.172038	6.899928	4.830441	7.503853	-20.399206	8.086583	9.638774	5.974245
45	4	6	3.361999	-3.228345	-4.952902	-0.627921	-2.893663	-8.036823	2.020024	8.809592	4.810711
46	3	87	-11.034261	-2.167694	8.903648	9.699478	7.668366	-20.549769	8.237010	8.507779	6.123500
46	3	6	7.568831	-2.004839	-10.400397	-4.873124	1.594291	4.600365	-2.843911	-10.427975	-12.133476
46	3	7	7.568836	-2.004839	-10.410360	-4.873126	-1.703954	5.590894	-6.515889	-10.438451	-12.174846
47	4	19	2.242291	1.300216	-13.297731	-10.591450	-6.398532	6.869607	-7.295462	-6.614007	-10.782213
47	4	30	-12.919984	1.962805	1.854981	3.162224	5.091626	-15.574665	8.611704	5.709122	5.841094
47	4	20	-6.384249	3.510683	-7.482249	-6.922514	-3.444085	9.919982	-7.290829	-6.613786	-10.781723
47	4	31	-6.408165	3.498513	-2.645751	-6.913481	2.807109	4.429283	-0.770740	-4.471677	-7.496125
48	4	9	-2.744815	1.592474	-3.139312	4.706089	-2.006003	-10.959390	0.968234	5.536147	7.550791
48	4	50	7.956189	-0.361402	-10.866108	-4.873322	-4.168172	6.957313	-9.672759	-11.411294	-9.363863
48	4	17	7.540348	-0.361402	-9.273526	-0.513269	-4.168118	-10.639917	0.711063	5.353222	7.540030
48	4	24	-7.332935	0.714724	5.810266	5.180299	5.124028	-16.977570	7.053138	7.292678	7.566163
49	4	33	-5.086761	2.880056	-13.989389	1.729276	-2.798395	-3.591308	-7.909105	-5.983377	-6.198169
49	4	45	5.271601	0.728993	-19.063774	-7.559047	-6.568257	8.232234	-12.927647	-12.156798	-11.854727
49	4	3	-7.645364	2.923535	-7.798646	6.353910	2.752238	-19.336953	2.857534	6.835042	4.840139
49	4	17	-5.140041	2.884313	-13.906176	1.795724	2.824093	-9.973433	-2.491179	-5.900531	-6.169627
50	4	73	-5.417353	2.185111	-7.102950	-3.230607	-2.005216	7.190534	-12.959459	-11.238484	-9.868682
50	4	17	-15.044805	0.396800	5.271938	3.923721	5.293102	-11.338466	-0.578686	-2.735772	-4.993604
50	4	4	-5.417407	2.185060	-6.516638	-2.900304	4.513964	2.212300	-6.700122	-11.236326	-9.681063
50	4	6	-15.036828	0.380638	6.749984	7.762024	5.297883	-17.746562	4.297063	7.834723	6.306274
51	3	65	5.741779	-0.195736	-12.454025	-11.517253	4.996856	2.536440	-2.300312	-9.315645	-10.026236
51	3	33	-5.040815	-0.484574	4.883395	3.822948	8.302858	-13.711852	7.766901	6.134214	2.240010
51	3	2	4.621022	-0.042963	-6.407709	-1.587613	4.820243	-10.339974	7.635908	6.132618	2.236913
52	2	87	-13.144231	0.253672	8.531969	6.537845	4.823528	-17.760494	8.430746	5.473306	5.809835
52	2	13	-4.241775	3.271081	-4.820178	-7.093823	-2.214008	11.165161	-8.214399	-11.871319	-11.371133
53	4	17	6.737361	-0.509640	-11.322927	-15.994938	1.950854	4.334471	1.908215	-5.002704	-1.050437
53	4	15	6.737265	-0.509537	-12.611956	-16.273566	-3.178195	6.806184	-6.230947	-10.801771	-4.662746
53	4	19	-3.369822	1.152195	-6.958479	-10.323857	5.326408	3.637304	1.994241	-4.354823	-1.050345
53	4	16	-4.933930	0.854701	-5.137023	0.860211	5.671503	-10.865098	7.673352	3.629867	4.971570
54	2	94	-10.846326	4.315652	-0.014105	-6.843649	-6.506995	9.405666	-10.032534	-8.914336	-7.760380
54	2	6	-21.758276	2.009836	4.788963	5.095942	2.779239	-11.824214	6.362264	6.516829	6.655081
55	2	82	-7.553921	3.642711	-12.068403	-10.072838	-0.752174	5.581216	-8.770217	-9.272663	-13.348043
55	2	18	3.017604	1.306728	-16.903613	-16.429353	-5.423374	8.685966	-9.896446	-9.534370	-13.348815
56	3	15	-5.359883	-0.594956	5.848744	6.607385	7.669970	-19.143905	6.716518	7.038981	6.404977
56	3	36	6.490894	-0.216241	-5.402932	1.089714	2.119009	-14.854637	6.087710	7.034064	6.404977
56	3	49	6.979177	-0.216241	-9.479791	-7.931374	2.119006	3.541924	-5.592194	-9.036926	-11.077320
57	4	19	-10.507720	3.562168	-5.334694	4.066209	-5.052933	-12.994989	1.763983	3.879940	6.571694
57	4	60	5.942280	-2.315244	-10.293084	-12.342692	-9.647278	2.675328	-9.353979	-12.271507	-6.904742
57	4	16	5.942273	-2.315244	-10.293084	-6.818538	-9.647278	-2.972231	-7.459586	-5.787343	-3.948987
57	4	5	-6.510780	0.102559	4.173137	5.230943	-3.355722	-14.397362	1.763995	3.879954	6.571867
58	4	55	-4.449974	1.251942	7.138069	5.587442	5.116447	-19.285435	5.446290	9.845268	6.555552
58	4	13	7.018395	1.252975	-2.770799	-6.279982	-4.384748	7.477339	-11.004522	-6.523287	-9.193013
58	4	20	5.741278	1.355754	-2.855879	-0.361074	-4.552326	-5.144740	-5.881338	1.876161	-2.441350
58	4	8	1.588821	1.857473	-1.790976	2.764880	-3.348307	-13.576100	0.172377	9.255289	6.158267
59	3	20	-2.926645	2.772503	-4.522227	-5.095772	1.711428	6.481203	-6.550806	-8.455638	-7.170619
59	3	64	-12.872504	-1.165565	7.137589	6.666980	5.628565	-17.726314	6.326427	5.556087	6.589102
59	3	16	3.562854	-0.113235	-6.589787	-2.143095	-1.954563	7.019298	-12.162983	-8.455638	-7.170954
60	2	99	4.992948	2.148234	-15.429128	-8.468728	-8.832068	7.666408	-4.628745	-11.947237	-17.678025
60	2	1	-3.952149	0.557309	6.204730	0.452240	4.616809	-5.592688	1.434385	-1.286295	-6.392720
61	3	10	-3.106002	2.818889	-6.169732	-7.288145	-1.572703	10.836684	-13.189073	-10.106519	-12.205849
61	3	62	-3.106291	2.818889	-6.169738	-7.281595	4.727546	5.173900	-7.433105	-10.106519	-12.107766
61	3	28	5.640740	-0.898284	-6.345094	-8.564606	-5.095717	5.757480	-13.126351	-10.106519	-12.140385
62	3	46	-13.101304	-0.771613	7.598504	3.168209	6.163361	-29.617694	4.022983	6.744056	6.687366
62	3	47	5.580906	-0.315220	-5.480052	-12.466401	-4.417719	1.511202	-12.121866	-10.935351	-12.373340
62	3	7	-0.458131	-6.855203	5.669331	-3.743435	-0.558838	-0.030612	-10.281771	-10.435555	-12.343020
63	3	39	-10.114102	-2.664510	7.609316	6.598821	7.234561	-19.939813	7.121603	6.594217	6.396338
63	3	39	8.037570	-2.731597	-8.580961	-9.666639	-4.613496	4.570191	-9.692811	-5.703924	-10.686171
63	3	22	6.256936	-2.726936	-8.198879	-0.036437	-4.613791	-7.619645	0.667102	3.849936	4.772019
64	4	9	-16.628210	-2.082819	3.400602	1.242229	6.913736	-12.156463	2.391096	0.711087	-2.362642
64	4	41	2.126001	-0.512644	-6.588757	-3.570581	4.440841	-8.158318	2.391089	0.711086	-2.362644
64	4	39	-6.751203	1.951623	-4.825638	-0.564554	5.869372	-4.548290	2.389594	0.710768	-2.365140
64	4	11	-10.503091	1.951691	-4.796722	5.155524	5.884155	-21.186609	8.956552	4.627300	3.754771
65	3	55	-12.277126	-4.131681	7.365215	4.088985	6.664737	-21.334009	7.003317	5.780225	7.766563
65	3	28	-11.833148	-0.653494	1.287596	4.073146	6.664435	-20.966060	7.003317	5.780225	7.766563
65	3	17	4.076878	-4.537218	-2.700410	-10.689719	-5.822091	3.745005	-9.584003	-10.554625	-8.623868
66	3	77	6.085320	0.711847	-14.025722	-11.594347	-10.697240	10.047139	-8.204070	-14.373822	-4.911079
66	3	18	5.076312	0.708680	-11.017161	0.327072	-10.467194	-10.863736	2.237838	2.413373	4.358433
66	3	5	-3.931040	2.316367	-9.368819	5.061747	-5.569978	-11.255628	2.243997	2.440818	4.364134
67	4	64	-11.917738	1.367446	3.632773	4.331984	-1.982475	-10.842054	3.579771	7.496474	7.536410
67	4	28	-11.917738	1.367446	3.632773	4.334711	4.340379	-15.779766	6.432633	7.781576	7.740558
67	4	3	5.278468	1.158587	-13.054592	-2.986115	-7.031338	0.932093	-5.759155	-4.897238	1.236343
67	4	2	5.285767	1.158587	-13.054981	-6.546985	-7.031338	7.891541	-9.576112	-10.599912	-4.006374
68	2	54	-6.355009	4.943487	-5.582827	-10.693447	-7.716878	11.132789	-11.561172	-10.431323	-5.176321
68	2	46	1.276243	2.331708	-10.446021	-16.162454	-11.091507	11.054160	-11.561173	-10.429049	-5.176321
69	4	46	-11.304954	-0.163312	4.804183	6.679635	7.421771	-20.782458	8.568746	6.078199	9.388884
69	4	38	6.056645	-1.301608	-9.633472	-8.537062	-4.000623	5.504604	-8.585837	-8.725515	-7.356279
69	4	12	-6.174832	-0.094138	3.663804	-2.129156	7.298478	2.986425	1.940657	-5.537430	-1.687901
69	4	4	-6.255410	-0.014216	2.752940	-2.131648	7.301921	3.143405	-2.511680	-8.691151	-6.807417
70	4	75	5.044319	0.683453	-17.014491	-11.721468	-4.197382	10.372234	-12.132802	-8.511742	-10.145830
70	4	10	-8.747830	1.688626	-7.031760	-0.709695	2.767507	-5.146700	0.379839	1.357544	-2.130109
70	4	9	-8.747834	1.688626	-6.651662	5.604923	2.767507	-19.005692	5.177289	6.995367	6.583907
70	4	6	-8.747834	1.688626	-6.703708	5.604904	-1.042647	-14.045149	1.397782	6.441212	4.952662
71	4	78	-12.653798	0.563196	6.251195	3.684619	6.194862	-14.117791	7.678786	6.642343	6.594706
71	4	14	3.649305	2.125239	-12.148015	-13.834778	-2.092629	8.776386	-6.497776	-2.351339	-5.899973
71	4	6	3.500155	2.175710	-5.928369	-3.412682	-2.274872	-5.509154	3.695387	6.642342	6.588756
71	4	2	2.849389	2.379108	-0.880941	-3.549330	-2.796411	-5.484355	3.695381	6.642342	6.588755
72	4	82	-11.390444	-0.241477	7.020462	3.620950	6.777714	-18.238563	7.901773	6.551834	6.635059
72	4	4	3.690136	-0.309394	-6.760575	-3.193551	-4.457882	6.824099	0.104653	-0.686143	2.989635
72	4	9	-5.138812	-0.283205	3.609025	-6.131714	6.777911	2.695254	-2.794767	-7.008173	-5.935022
72	4	5	3.691194	-0.309394	-10.552997	-8.392405	-4.458057	8.868168	-5.741887	-7.064386	-7.091977
73	1	100	-11.561218	-3.199637	7.101880	7.844301	6.515412	-22.543588	6.585662	5.977362	6.806028
74	4	81	-8.744568	-0.308986	6.184568	6.122216	5.871572	-18.182893	7.493852	6.420047	7.728445
74	4	14	-3.199244	3.573454	-7.702164	-4.375040	-1.516069	8.330176	-7.249638	-9.708162	-4.354738
74	4	3	-3.461601	3.573801	-7.702332	-3.344215	4.734557	5.167764	-4.142137	-9.704051	-4.204040
74	4	2	2.580491	0.666733	-7.084869	-5.984975	-5.347697	5.828629	-10.022519	-9.708004	-4.264488
75	4	85	6.530393	-2.005025	-9.326025	-8.651239	-6.028558	7.355839	-5.077456	-16.613064	-9.684579
75	4	4	-7.198662	-1.755332	5.551679	4.905229	6.894104	-10.675457	7.620454	2.609050	6.655106
75	4	5	-7.198651	-1.755332	5.551679	4.905189	0.387441	-10.595128	5.637289	2.592783	6.653190
75	4	6	3.107156	-2.008736	-2.661731	1.568482	-6.028254	-7.241197	2.784193	1.907040	6.066527
76	4	79	-16.187586	0.997189	6.474949	5.406398	3.323080	-14.709877	6.998789	8.812648	6.335703
76	4	18	-9.908051	0.997189	4.884036	-2.511079	3.323079	5.431390	0.010831	-7.147324	-9.250276
76	4	1	1.884027	0.159218	-4.662495	-0.510472	-4.883747	-4.989700	1.861348	7.474093	5.508063
76	4	2	2.378410	0.160342	-5.752903	-8.387835	-4.926820	9.374533	-5.060994	-8.978908	-9.432045
77	4	48	-11.062478	0.348555	6.089339	4.324410	-2.334009	-15.320891	1.339442	7.779400	7.227921
77	4	14	7.066666	-0.288364	-6.746407	-5.903825	-8.776892	-4.748448	-4.261402	1.083390	-3.080705
77	4	17	-3.979240	0.813299	0.891191	-6.427627	-2.610747	1.761664	-8.671030	-7.295630	-6.130392
77	4	21	-10.849917	0.204927	7.198020	4.357696	3.736478	-19.925750	6.438677	7.786780	7.228240
78	3	67	-9.690711	1.817268	3.484770	0.085216	-4.603922	-13.682381	2.546601	6.296294	8.214279
78	3	27	-8.593962	1.881235	0.069097	-8.379447	-4.734412	10.516240	-5.325216	-11.968905	-6.277485
78	3	6	2.608570	0.334427	-6.873147	-2.058255	-5.373919	-7.869835	2.029913	5.800662	8.073219
79	3	50	5.626874	-0.021843	-18.067216	-8.417764	-1.555913	7.295281	-8.388681	-7.793455	-9.320798
79	3	29	-1.625565	3.443079	-5.712768	1.224009	-3.643244	-11.368026	2.815877	8.693268	6.915283
79	3	21	5.626874	-0.021843	-18.067213	-8.417761	3.721337	4.685246	-2.302839	-7.360151	-9.320390
80	4	37	-9.912365	-0.550497	5.832814	7.242302	7.360132	-22.619918	6.467117	5.802961	6.884056
80	4	21	-1.031442	2.377824	-9.928241	3.801906	5.299877	-7.138952	-0.064569	0.901166	-2.593113
80	4	27	3.223950	-0.928283	-11.749523	-6.706966	1.342435	6.327129	-4.687657	-8.553530	-10.547676
80	4	11	-1.012544	2.377748	-9.938166	3.180662	5.297501	-1.089789	-0.070856	0.809195	-3.012486
81	2	12	5.093675	-1.176104	-10.715458	-9.387561	-6.827164	11.059166	-11.007096	-12.050218	-9.764463
81	2	88	-2.809508	2.564093	-6.856128	-11.228316	-9.305595	11.087207	-11.007096	-12.050218	-9.764463
82	4	22	6.997082	-1.876040	-13.639635	-7.864693	-5.846123	7.866922	-11.490469	-8.791281	-9.357998
82	4	31	6.997082	-1.876040	-13.632302	-7.864638	0.553942	7.815421	-5.517843	-8.780683	-7.701039
82	4	19	-0.580623	-0.015637	-2.348825	8.128395	6.582513	-19.712992	6.393970	7.831076	6.798510
82	4	28	-11.711121	-1.909954	5.256615	8.373326	7.088602	-20.633061	6.393970	7.831077	6.798513
83	4	18	-4.533099	2.727150	-4.206932	-2.318613	-1.648089	-7.761163	1.232657	3.573681	3.281920
83	4	13	4.412965	1.185696	-6.471366	-14.457227	-7.406165	4.597080	-5.470527	-9.595133	-8.926971
83	4	30	3.928195	-5.185798	4.577516	-2.370904	-1.969180	-12.524624	1.190724	3.414165	3.174005
83	4	15	-4.173802	2.727149	-9.111559	-8.959975	-1.648092	5.349833	-5.423736	-9.595132	-9.336997
84	3	69	-11.109713	-0.721693	6.552357	7.793815	6.819134	-23.520431	4.419064	5.763789	8.229623
84	3	30	-10.156088	2.410694	-3.322188	3.332306	6.206089	-20.873057	4.418822	5.763788	8.229614
84	3	1	6.319586	-0.711989	-8.898676	-9.133691	-2.034026	6.829838	-6.223672	-10.809426	-0.957105
85	4	43	5.287436	0.871571	-10.403272	-12.409784	-5.781124	9.897311	-11.538026	-9.349672	-10.452366
85	4	46	-0.232255	2.852087	-11.636382	-10.988704	-10.453143	10.173690	-11.538047	-9.349672	-10.452366
85	4	2	-9.812843	0.194427	6.520354	3.972758	5.397401	-16.405215	6.062450	7.031208	6.165346
85	4	8	-9.812842	0.194427	6.520353	3.972756	-0.879976	-10.404381	3.346975	7.004304	6.144022
86	4	9	-6.076844	-0.510478	1.843076	-7.807119	7.832128	4.200753	-2.709663	-5.115198	-12.084308
86	4	83	3.520483	1.894303	-10.323518	-15.135469	-5.633153	10.892410	-7.047485	-5.116670	-13.139203
86	4	2	5.613814	-3.130570	0.760902	-0.958330	2.935712	-11.567179	6.648082	6.563034	5.631727
86	4	6	-10.433862	-0.509508	4.780173	4.881780	7.832797	-14.420848	7.165713	6.563034	5.631870
87	2	95	6.184203	-2.983638	-11.337108	-12.719569	-7.189261	3.111221	-13.709054	-12.475594	-11.646417
87	2	5	-11.883035	-1.497598	5.306111	6.079984	3.110859	-23.573245	4.445096	5.006253	6.151968
88	4	69	7.579553	-0.339632	-10.037436	-8.797232	-2.906442	3.496460	-9.015520	-10.791841	-12.708301
88	4	15	-6.497518	0.553861	5.293770	5.740118	3.507667	-17.303655	6.572750	6.589510	5.584550
88	4	8	1.424644	1.921991	-3.892583	3.020231	-1.636225	-7.905247	0.845154	4.791215	5.484414
88	4	7	-3.717076	2.859242	-1.432651	3.654252	0.071412	-8.873909	6.289240	6.574081	5.584523
89	2	46	4.795928	1.282833	-14.521422	-12.342361	-5.730285	8.410041	-9.686242	-11.435410	-9.839266
89	2	54	4.478340	1.316681	-13.019791	-0.146126	-5.766136	-9.195086	1.130835	5.021039	7.053885
90	4	19	7.732512	-1.731201	-8.330038	-0.743130	-3.192462	-20.217763	0.315055	5.581130	7.883094
90	4	8	8.047778	-1.731201	-11.943255	-13.197538	-3.214768	3.300830	-11.011050	-8.752810	-10.776135
90	4	50	-7.519156	2.295200	-6.848506	1.794937	1.713482	-20.146637	3.793684	8.617773	8.249245
90	4	9	-11.173264	-1.400511	4.366085	4.550856	3.918999	-25.319523	6.443829	8.724691	8.284317
91	1	100	7.836856	0.717769	-8.922943	-19.777737	-9.951487	9.077605	-10.167743	-9.319697	-10.716401
92	3	85	7.346168	0.125022	-10.022604	-3.145213	-4.336880	7.535032	-7.245176	-10.428589	0.923578
92	3	10	7.346169	0.125022	-10.022652	-6.257709	-4.336880	8.471343	-7.936240	-14.534795	-5.604419
92	3	5	-2.006887	-1.446462	4.373564	8.091550	5.888941	-9.864423	6.854757	3.308821	7.971497
93	3	67	-5.453624	2.180661	-5.129751	-6.941257	5.377433	4.033576	-7.354383	-4.093084	-10.674328
93	3	12	-14.242759	-0.935122	3.544243	4.945775	6.949659	-20.042645	2.566345	8.015839	4.726825
93	3	21	5.456377	-1.700318	-6.166844	-6.078230	2.865727	-6.221686	-2.576311	-1.728236	-6.634155
94	4	17	5.734005	-0.331613	-8.174052	-7.214780	4.789520	4.950902	-4.006638	-8.064531	-7.720828
94	4	17	-13.237887	0.084545	6.104687	8.077809	7.522084	-16.501804	7.054269	6.179545	5.140848
94	4	18	5.734005	-0.331600	-10.436829	-7.214780	-1.526900	8.901029	-7.335079	-8.064599	-7.724449
94	4	45	-13.028384	1.613226	-1.288143	7.601680	5.804247	-15.527275	6.998028	6.179545	5.140847
95	4	62	-6.944828	0.993442	2.783926	7.555720	4.145448	-20.768428	8.319423	7.557223	8.885914
95	4	13	4.363462	3.729324	-13.201961	-13.350001	-7.160332	9.696800	-8.847989	-6.413804	-3.505823
95	4	15	-7.285015	3.869242	-10.042789	-2.600264	-2.552015	4.880123	-4.930975	-1.976741	3.051141
95	4	10	4.363260	3.729324	-13.201961	-7.914955	-7.160231	4.881495	-4.931932	-1.976770	3.051124
96	4	48	-1.995402	0.993786	4.074849	-3.075488	-3.664745	-11.211925	4.812578	6.374519	7.741128
96	4	27	5.048905	1.900011	-7.682749	-6.328341	-10.652201	-6.185135	4.812415	6.374053	7.741128
96	4	8	5.048905	1.900011	-7.687260	-10.734745	-10.652201	5.034367	2.430312	-0.495744	1.755662
96	4	12	-1.993564	0.993770	4.069227	-7.482184	-3.665301	4.326915	2.430397	-0.495734	1.755673
97	3	61	-8.860441	0.528965	7.981772	3.504099	4.047234	-9.063882	0.095048	-0.800940	-1.728238
97	3	21	4.791700	0.617622	-5.968365	-7.674471	-2.603401	6.572649	-10.420536	-7.301839	-7.457718
97	3	18	-9.263224	0.528968	8.032982	6.210526	4.047941	-18.076275	6.486193	8.059871	4.712766
98	4	21	4.745714	0.856360	-5.640031	-14.795887	-0.598558	8.490826	-1.948110	-11.551047	-11.147848
98	4	27	-7.038858	3.314261	0.456645	1.277517	3.951478	-16.233372	9.160287	7.407498	5.243604
98	4	35	-5.677688	5.846586	-7.746805	-9.526193	0.693952	9.386479	-1.295151	-11.524890	-11.143115
98	4	12	3.267716	-3.063340	3.683369	1.281962	-0.275375	-16.935514	8.051941	7.407498	5.243608
99	4	21	-15.886304	1.323993	4.136697	4.912979	-2.412068	-6.677928	6.364675	8.652505	6.658917
99	4	46	-5.835330	2.718172	-8.007266	-6.642780	-3.082634	11.392331	-7.255686	-9.953127	-8.599163
99	4	23	2.598246	0.999488	-12.686528	-10.682283	-8.815943	10.453181	-9.532321	-9.953348	-8.565424
99	4	2	-5.835330	2.718172	-7.926165	-6.642780	3.403370	5.348376	-4.214961	-9.936888	-7.186246
100	4	31	5.544675	1.139468	-7.326338	0.654970	0.784358	-7.833194	-1.191780	0.321977	-1.064628
100	4	11	5.491837	1.139471	-6.413001	3.366231	-3.502862	-13.616557	0.705222	6.242754	5.111276
100	4	34	8.791999	1.139438	-7.435126	-9.184026	-3.502830	7.104841	-11.044777	-11.558395	-10.427581
100	4	13	8.791998	1.139438	-7.435089	-8.755644	0.784389	5.384848	-6.965595	-11.558236	-9.626900
101	4	37	8.246537	-3.090649	-7.467995	-1.082634	-1.997675	-4.968478	1.133687	0.511072	-4.645829
101	4	32	-8.980916	-1.744063	4.646874	3.470908	6.483812	-12.744969	2.402733	1.786910	-3.491346
101	4	21	8.260972	-3.090649	-8.128331	-6.285526	-2.000257	4.253144	-4.302787	-6.962420	-14.641286
101	4	3	-8.981684	-1.744072	5.291198	6.947986	6.483816	-19.465484	7.216086	5.804536	2.812001
102	4	15	-5.843845	3.694050	-11.058795	-5.777457	3.956143	4.525674	-3.091733	-9.964239	-10.771711
102	4	3	1.027902	0.649991	-3.157177	6.240768	-5.042780	-9.452590	2.812988	7.817375	6.574334
102	4	27	-5.843822	3.694050	-11.059229	-6.158148	-1.501783	7.601053	-5.337495	-9.969799	-10.804654
102	4	15	-8.642095	0.177398	5.373979	8.135418	5.945031	-13.684676	7.829036	7.818432	7.236114
103	1	100	7.415803	-0.207400	-18.643731	-10.374323	-8.241116	6.441190	-10.584817	-11.774561	-9.534727
104	4	59	-7.419094	0.605021	1.807264	1.414076	-4.785949	1.944776	-9.108609	-6.522335	-8.846158
104	4	21	-10.195702	0.500555	3.127026	6.750450	-4.756460	-11.032546	-1.181413	1.893986	4.723755
104	4	9	3.847572	0.381904	-6.773567	-4.941082	-8.948894	8.241316	-12.795381	-8.407028	-8.882772
104	4	7	-11.473062	0.496918	5.795099	6.846333	1.789014	-16.117328	5.128239	6.743741	7.699295
105	4	5	-7.165367	0.355924	5.950843	-0.229917	5.105681	-13.887406	4.590340	5.356675	4.722612
105	4	47	-6.405376	3.103969	-5.463292	-12.395472	-6.378554	11.081816	-7.022584	-7.006530	-12.126028
105	4	30	-6.934787	0.385329	3.391682	-12.145804	5.080543	0.791326	-1.838130	-6.973177	-9.498900
105	4	4	3.476661	0.544041	-7.466793	-16.495582	1.880017	5.385589	-2.555951	-6.994104	-11.753376
106	4	6	4.752330	-1.098257	-14.631974	-10.528470	-0.869010	9.200647	-4.535536	-8.432224	-7.541812
106	4	47	-11.994636	-1.346027	2.954779	6.323449	7.497179	-21.351212	6.911191	4.123615	6.694383
106	4	21	2.989635	-1.098256	-8.735097	0.202961	4.488344	-21.163701	6.911183	4.123615	6.694383
106	4	26	4.752330	-1.098257	-14.057537	-10.528470	2.978908	3.130559	-1.396025	-8.431538	-7.541445
107	4	47	-5.117447	2.149041	-10.455768	-12.884308	-2.419669	11.564318	-9.190221	-12.206149	-9.638027
107	4	7	-10.761979	-1.247788	6.149799	4.006304	4.421293	-17.972184	5.172575	5.880933	3.872022
107	4	32	5.681911	-0.675747	-11.843012	-14.243697	-5.547654	6.953436	-10.048044	-12.206149	-9.638006
107	4	13	-5.117447	2.149041	-10.454573	-12.884193	3.315041	5.023045	-3.600207	-12.206149	-9.636896
108	3	65	-3.558282	3.583620	-6.495104	-8.162463	4.840586	4.793112	-5.695382	-5.287132	-10.389054
108	3	23	-8.009744	0.131192	6.389097	7.404270	6.547620	-15.198939	4.522013	7.091298	6.725622
108	3	12	4.885654	1.956153	-11.502901	-12.971180	-4.821459	10.546134	-8.413911	-5.287247	-10.390572
109	4	22	4.783755	0.945670	-10.599273	-1.598112	-4.671790	5.098213	3.593836	-2.801481	2.210790
109	4	25	4.785620	0.945683	-16.243211	-3.872915	-4.671914	6.801718	-1.265557	-13.483607	-3.691068
109	4	8	-1.416598	1.201184	-7.785144	3.221952	4.675560	2.792878	0.364951	-13.163237	-2.695198
109	4	18	4.750901	0.945670	-10.597300	-0.751076	-4.669652	-9.902060	6.248910	3.366082	6.777477
110	3	9	-10.607476	2.014395	-4.011913	5.678889	-5.219620	-8.647729	2.721266	8.611853	5.184319
110	3	80	5.617551	-2.329439	-9.180617	-7.101633	-7.620321	11.925399	-6.704758	-7.113972	-11.963733
110	3	11	-11.379170	-3.176847	7.062220	6.773723	1.641155	-10.275928	5.667952	8.796832	5.188150
111	4	22	-4.383447	3.122322	-4.066716	7.071725	-1.205895	-10.210098	2.416687	6.662581	8.636511
111	4	44	5.165042	2.234085	-15.705624	-9.385403	-4.118566	9.814245	-7.690363	-8.374959	-7.217009
111	4	23	-4.351898	3.071042	-3.632636	7.077361	3.703877	-13.538959	7.696754	6.699331	8.644156
111	4	11	-9.916309	2.067887	1.661550	7.292728	6.734127	-13.622412	7.697018	6.699331	8.644156
112	3	31	6.401802	-1.106363	-7.781803	-8.112740	-1.377390	4.370650	-3.526095	-11.141868	-10.639745
112	3	65	-10.167579	1.672602	3.861531	3.572691	6.557970	-18.105214	7.675369	4.509832	6.557392
112	3	4	5.634226	-1.106363	-7.758040	-1.721075	-1.377400	-1.538864	-0.260126	-2.187746	-5.817758
113	4	46	-2.186302	4.746396	-10.179623	-8.710825	-1.500406	9.721165	-4.277329	-8.554084	-10.868352
113	4	28	5.066414	2.649352	-12.574762	-14.394592	-7.462852	9.741397	-4.806246	-8.554084	-10.868774
113	4	15	-4.574112	4.675900	-4.347397	1.552343	-1.482691	-7.406368	4.509571	5.762872	6.171182
113	4	7	-8.509125	1.959501	5.622943	1.828041	-1.119648	-7.849130	4.841032	5.763369	6.182835
114	4	38	-7.710014	1.912347	6.885213	0.575510	6.045691	-14.872569	5.867641	6.972237	7.013090
114	4	35	2.976074	1.920704	-8.477480	-2.793091	-4.899374	-5.400195	-0.478168	3.434280	5.453623
114	4	26	3.003938	1.920704	-9.239754	-8.717186	-4.899535	7.355783	-12.255219	-10.713402	-6.414054
114	4	1	-5.986338	1.912587	1.417394	-4.547204	6.045517	3.529859	-5.909996	-10.713398	-6.329497
115	3	37	-9.800022	2.130431	-13.965642	5.047364	-6.990323	-6.498200	-4.341396	2.484011	3.833617
115	3	51	-2.886813	2.130417	-13.965642	-6.663433	-7.004793	10.075462	-16.114323	-8.917470	-6.758231
115	3	12	3.832763	-0.212367	-14.172882	-11.332615	-12.580900	9.363529	-16.114552	-8.917470	-6.758221
116	3	45	-9.604682	-2.572560	8.677013	8.120849	7.099883	-19.665358	7.225436	8.726049	3.345982
116	3	22	2.561068	0.254837	-3.954263	1.920289	-4.818953	-11.834059	2.064707	6.259576	3.345566
116	3	33	8.171500	-0.073466	-10.450261	-6.446968	-4.807805	8.228525	-8.023706	-9.365073	-10.443785
117	3	74	5.715882	1.748429	-8.999687	-14.920611	-4.935806	9.942985	-10.117165	-9.888798	-9.715359
117	3	13	3.265514	-2.032227	2.877048	-1.475663	2.223434	-16.257320	4.136869	6.002208	5.845644
117	3	13	-8.356070	-0.373094	8.091811	3.104052	7.449739	-18.573353	4.137283	6.002218	5.845669
118	3	97	5.920992	0.682761	-12.938427	-9.374116	-1.139874	8.285066	-6.429531	-10.712387	-11.785668
118	3	2	5.673138	0.682869	-7.662987	-1.058093	-1.139900	-3.609470	4.290386	5.516715	2.475687
118	3	1	-3.997762	3.812755	-8.222761	2.725944	-6.940053	-5.928261	1.736198	4.314187	2.183500
119	2	57	6.404662	-1.683411	-7.411082	-9.241057	-8.196011	6.961053	-6.504393	-1.166750	-10.930161
119	2	43	-7.846428	-1.186264	6.827985	7.778831	-4.582121	-13.035126	2.214139	5.611536	5.598589
120	2	15	-6.127434	0.143239	2.508833	-3.285655	6.567577	0.634562	-2.397897	-8.905319	-6.384421
120	2	85	-12.802319	0.143086	6.078614	5.109085	6.800566	-16.419827	6.725357	5.521763	8.606045
121	4	12	3.280814	-3.244330	0.388337	-3.353900	-6.588127	-15.770550	1.890942	4.681369	8.396282
121	4	31	6.232703	-2.366820	-1.306071	-4.844743	-6.823830	-15.567024	1.890942	4.681358	8.396277
121	4	47	-4.249859	-0.137311	3.196719	1.146550	5.170126	-25.753467	6.957158	5.079635	9.261477
121	4	6	6.451582	-0.119961	-7.893097	-12.755478	-7.194072	1.857204	-8.674928	-7.461701	-2.495476
122	3	44	3.359160	2.228422	-13.574308	-12.792339	-3.592647	8.858711	-8.605718	-9.940678	-8.654959
122	3	34	3.359386	2.228105	-10.220534	-3.783241	-3.592663	-9.310900	1.574473	7.273234	4.945909
122	3	22	-8.316839	3.407920	0.325358	0.220986	3.757568	-14.293735	8.023605	7.278780	7.463388
123	3	15	-4.395171	3.369926	-9.172194	-12.287693	-4.646196	10.228063	-6.959500	-7.251032	-6.580686
123	3	64	-8.548440	1.786002	3.170807	4.037896	-4.436750	-15.474937	4.256990	5.817900	8.714449
123	3	21	5.326196	1.865224	-14.939376	-7.852313	-9.056349	9.578887	-6.959465	-7.251032	-6.580689
124	4	83	-7.908336	1.793347	-4.246697	5.287501	5.426564	-22.406315	6.468027	8.866207	5.436398
124	4	9	-10.016793	0.349746	2.710437	7.150906	6.981855	-25.596474	6.468027	8.866207	5.436398
124	4	2	4.160173	1.040564	-14.798212	-7.067043	0.256466	3.613396	-2.901879	-7.873684	-5.934708
124	4	3	-3.667795	1.838168	-8.103092	-3.775496	5.321315	1.527008	-1.674918	-7.762117	-5.383626
125	4	51	1.395558	1.970072	-9.707556	-11.848320	-9.645327	10.030257	-3.194704	-8.992722	-9.700736
125	4	22	-3.818983	1.812152	1.575034	-8.671890	-5.650364	10.009283	-2.828146	-8.975486	-9.442420
125	4	12	-8.020343	1.642475	2.133175	1.940969	-5.111292	-12.865112	2.107030	5.822292	6.298695
125	4	8	-2.542943	2.459524	-5.651445	0.863846	-8.658454	-12.462134	1.619846	5.814122	6.064383
126	2	31	-10.353678	-0.925855	-1.594583	2.577945	4.634606	-17.687413	5.235447	7.219631	5.772141
126	2	69	-1.358538	0.960052	-7.783468	-9.781475	3.591856	3.008130	-6.692478	-11.085600	-6.995207
127	4	22	-7.555925	3.936646	-9.811273	-7.981844	-0.967381	9.638223	-9.275994	-9.371069	-6.593404
127	4	23	-7.555925	3.936646	-9.811273	-7.830213	5.050722	4.728637	-4.434689	-9.281351	-6.593147
127	4	52	-14.238140	-0.054960	6.901028	3.969211	7.476872	-16.312960	6.673768	7.030070	6.205162
127	4	2	3.511913	-0.059959	-9.445005	-2.761126	-4.423153	-5.663551	0.146431	6.350791	5.353721
128	2	85	5.995462	2.210371	-11.816157	-9.400622	-3.476226	9.131213	-11.582893	-7.817816	-10.180318
128	2	15	-8.904650	2.028495	5.321596	5.998057	6.787727	-18.679857	6.134195	4.242346	7.172792
129	3	86	-11.625125	-4.040103	8.031402	6.295668	6.814578	-20.465202	7.385040	6.549596	7.626074
129	3	3	5.399648	-1.995538	-4.153189	-10.798137	0.439875	3.177815	2.685130	-4.475392	-1.086786
129	3	11	5.401406	-1.996205	-8.666383	-10.876730	0.439894	3.598826	-1.158785	-10.810155	-7.104943
130	4	21	8.092142	1.258505	-9.879997	-11.238384	-7.125794	6.934910	-6.124664	-5.210819	-4.952750
130	4	14	-2.002207	1.065690	5.395848	5.810398	-1.292180	-15.733395	7.702378	8.512964	7.543024
130	4	52	7.446144	1.200140	-5.471410	-0.518530	-7.090262	-13.645134	2.787384	8.466064	7.441166
130	4	13	-2.002209	1.065615	5.397570	5.810452	5.281454	-20.876444	7.769105	8.512964	7.543024
131	3	96	6.588851	-0.826803	-12.149002	-3.168366	-5.926970	8.906153	-10.663207	-6.880059	-11.131455
131	3	3	-6.057210	0.939064	3.965249	4.516016	5.777762	-19.633942	4.697531	8.945467	7.916347
131	3	1	-3.600991	2.138755	-3.270235	2.459001	5.234204	-18.160099	4.697531	8.945467	7.916347
132	4	51	6.825312	-1.709607	-9.514375	-4.939186	-6.427597	-5.675974	-4.999385	-3.199832	-4.706538
132	4	26	3.430397	-1.709149	-7.903142	-0.258826	-6.427976	-8.725174	-1.663746	0.078373	1.507441
132	4	20	-9.367375	2.565015	-7.943607	3.046698	-4.860201	-7.810583	-1.439596	0.092002	1.512402
132	4	3	-6.844794	-2.567018	4.213203	4.924382	6.639540	-25.885550	4.262737	7.261369	7.903946
133	3	59	5.963705	-0.359870	-10.466522	-6.176974	2.960775	7.700544	-1.629760	-10.807802	-4.226818
133	3	34	-11.951762	-2.071327	6.599519	5.837604	8.997310	-17.134776	5.852318	2.875258	6.681349
133	3	7	-1.936187	0.359988	-2.505617	-1.206043	8.863571	3.529182	-1.535807	-10.744901	-4.168694
134	4	19	-7.844371	1.974027	-8.841700	-5.610638	0.200114	3.473434	-3.517885	-7.447932	-5.859937
134	4	49	-12.652605	1.974007	-3.391527	2.097181	0.200114	-16.563455	5.470083	8.177481	6.872939
134	4	8	1.900249	0.163684	-5.379061	-1.536146	-9.198449	-16.056439	2.031095	8.060635	6.872844
134	4	19	-15.599694	0.648087	4.477222	4.221516	0.299834	-17.397138	5.577713	8.177626	6.872939
135	3	60	-18.350953	1.101832	2.727672	1.435988	7.602176	-14.685477	8.759469	6.639236	6.083156
135	3	30	-12.618441	1.187344	1.919711	-7.790759	7.531477	0.423068	2.573162	-3.113717	-5.859409
135	3	10	-3.622416	2.909188	-4.320510	-10.356117	4.335094	0.652845	1.355571	-3.293133	-7.732303
136	2	78	-11.252295	2.184810	-5.385211	1.615440	6.403178	-19.501506	5.633102	8.257816	8.972489
136	2	22	-16.625239	1.974514	0.547722	2.443896	6.723445	-19.501560	5.633102	8.257816	8.972489
137	4	10	-9.526353	0.098666	4.723872	7.130871	6.033252	-26.719026	6.338088	8.497965	6.462461
137	4	81	7.479254	0.132156	-9.199779	-9.143879	-5.418219	4.267821	-10.634816	-8.986118	-7.763670
137	4	1	-4.312540	0.201958	1.875081	1.363613	5.949248	-13.434207	0.146819	-1.172477	-4.107640
137	4	7	-5.661082	2.396191	-3.962757	4.121982	-0.917662	-15.889708	5.206078	8.475160	6.459531
138	3	26	3.176037	-2.423732	-9.693785	0.954916	-2.644070	-10.392876	-4.604736	-4.150790	-5.526484
138	3	69	-5.530096	-3.285921	6.689006	8.751681	8.881840	-24.109038	6.563054	6.646881	7.488881
138	3	5	4.958246	-2.423732	-9.980230	-4.350953	-2.686232	1.082351	-9.773992	-5.633086	-11.135952
139	4	43	8.012118	-0.796247	-9.528899	-11.061630	-5.302977	5.830097	-5.407937	-9.414046	-9.498528
139	4	36	2.884981	-2.911218	1.146205	0.442967	3.931846	-14.341818	6.674447	5.823250	5.422344
139	4	5	-3.025192	3.350723	-6.871884	3.966848	2.064074	-13.234267	5.893319	5.823250	5.422330
139	4	13	6.092322	-1.796299	0.235659	0.268528	-4.556827	-8.547572	2.603850	5.804771	5.406331
140	4	48	-3.076656	1.263611	-4.795291	-4.577312	0.249920	8.852569	-7.885511	-11.439456	-11.698141
140	4	10	-3.077941	1.263612	-4.794999	-3.629540	3.250144	3.275908	-6.274657	-11.341933	-11.499771
140	4	19	-8.618047	-0.037632	1.973569	-1.353222	6.596275	1.415544	-5.497880	-9.390312	-8.796271
140	4	7	-11.345867	-0.102090	2.391671	1.204287	6.670759	-4.631879	-0.991665	-5.781343	-5.403971
141	3	46	-8.002277	1.283746	2.509352	7.238516	-5.677184	-16.778757	4.072845	7.747129	6.739814
141	3	17	-11.864680	4.148243	-3.145251	5.404757	-6.633546	-15.561274	4.072844	7.747129	6.739814
141	3	37	6.546516	0.739192	-13.904082	-9.420926	-11.408484	5.667808	-7.557345	-10.816756	-11.952472
142	3	33	-5.951846	2.298687	-8.214483	-10.045379	-3.825560	9.983736	-3.565909	-10.895004	-11.341243
142	3	45	-5.951770	2.297591	-7.075998	-10.043817	2.433127	8.265188	1.079528	-8.119025	-9.207312
142	3	22	-17.481789	1.561998	2.954728	2.676621	5.407180	-18.126383	6.790400	5.679485	5.660524
143	3	52	-9.416109	0.018604	6.255589	5.903215	6.225652	-21.843470	6.751251	3.836620	6.606117
143	3	15	0.839727	1.136576	-7.805512	3.604790	-5.520345	-11.131818	0.466956	0.006102	6.599251
143	3	33	7.194704	0.833218	-12.858189	-8.513215	-4.738016	6.696402	-11.131309	-11.499522	-10.445737
144	3	43	-5.527248	3.347193	-8.510322	-8.192244	-6.248511	8.298363	-6.444409	-9.083166	-11.001255
144	3	55	6.537934	0.835773	-14.580613	-12.923799	-6.017305	7.655911	-6.438037	-9.083166	-11.001255
144	3	2	-10.271558	2.187275	3.740165	3.827862	1.327776	-10.365458	2.127165	4.363750	3.522431
145	3	37	-5.309377	-0.179828	6.524764	6.074673	6.716053	-18.541487	3.631728	6.092446	8.766788
145	3	34	5.779514	0.517146	-11.146740	-11.222565	-3.991742	7.013604	-13.484591	-9.907420	-3.304730
145	3	29	3.983747	0.639130	-11.213523	0.453467	-4.016802	-11.498431	-2.539499	1.367763	7.176774
146	4	16	1.762287	2.283587	-9.888785	-9.514360	4.242328	6.135063	-6.734566	-15.403926	-5.382813
146	4	29	-4.714526	6.523219	-10.127023	-5.046860	4.171962	6.223816	-6.744081	-15.403927	-5.382814
146	4	24	-8.647587	6.523214	-3.492135	1.089813	4.177180	-11.599448	5.831509	2.087037	7.232810
146	4	10	1.747544	2.284284	-3.244304	-3.417703	4.241879	-8.898060	5.840234	2.087037	7.227089
147	3	89	4.817921	0.780080	-10.674431	-10.816178	-6.911424	10.714737	-7.289131	-7.687108	-11.702239
147	3	5	-0.976791	-1.675173	3.795674	3.025702	5.694855	-14.107477	2.860526	2.017480	-1.359006
147	3	6	-0.976792	-1.675172	3.810382	5.872573	5.694855	-18.682653	8.941704	6.547881	5.078391
148	1	100	6.855558	0.804992	-12.410240	-16.265303	-6.118413	9.835753	-9.690484	-14.510984	-7.597073
149	3	59	-4.407048	2.982459	-9.460568	-11.958232	-3.775129	8.838770	-13.594971	-11.815351	-11.280059
149	3	35	6.356963	0.242089	-13.744119	-12.183055	-4.804303	6.475472	-13.595639	-11.815592	-11.283320
149	3	6	-7.979975	0.412637	3.170946	6.540022	6.243527	-16.189063	4.826589	7.248230	7.488559
150	2	13	2.867372	-1.239506	-12.627763	-10.916794	-10.081494	6.018966	-10.601044	-5.003210	-12.900339
150	2	87	-7.150971	3.159116	-5.428188	-9.316552	-8.742838	9.612995	-11.184864	-5.609842	-12.900339
151	4	33	-14.429480	2.270854	4.816643	0.064939	2.986407	-13.977531	8.750733	8.625624	5.633120
151	4	23	-5.067665	4.489561	-11.132599	-15.131466	-5.671613	8.109474	-6.036892	-5.978669	-10.927015
151	4	20	-10.987174	4.489554	-5.040768	-3.109508	-5.669514	-8.977679	2.602319	8.625580	5.632827
151	4	13	2.241183	2.224783	-7.200062	-5.597575	-6.086774	-8.977645	2.602321	8.625580	5.632827
152	3	57	-10.496460	-0.543985	3.082070	6.903785	6.608598	-16.975203	5.402450	6.925568	5.411140
152	3	16	3.094744	0.421351	-10.670779	-7.075593	2.545341	5.354829	-7.844328	-10.622787	-8.820211
152	3	27	3.094741	0.421357	-11.592957	-7.075700	-2.108678	7.335114	-13.653605	-10.634235	-8.820218
153	3	26	-9.759768	-2.918614	5.429692	7.192780	6.488036	-27.081493	6.746797	5.821523	8.745693
153	3	16	7.157114	-2.851128	-12.762964	-4.602930	-5.472117	1.286334	-6.308783	-9.602677	-4.518327
153	3	58	5.665954	-2.851103	-6.321966	0.777123	-5.472094	-16.272883	1.230072	2.947233	5.422604
154	3	70	5.567391	-0.869783	-10.242344	-9.200273	-2.884482	9.096112	-9.446893	-8.182471	-8.760969
154	3	16	-8.636481	2.538579	-6.246677	1.092993	4.229710	-18.478159	7.118704	4.702077	4.254217
154	3	14	-12.578587	-1.235744	5.079874	5.922477	5.968794	-19.051688	7.119044	4.702077	4.254217
155	3	13	-10.585949	0.697796	4.722520	-0.880438	-5.574579	-8.755690	1.790466	6.924613	4.774275
155	3	41	-6.121347	2.280592	-4.256528	-9.936548	-5.690623	7.864529	-10.664846	-9.637375	-12.408134
155	3	46	-8.549515	1.383242	1.967163	-9.936484	-5.639936	7.458626	-10.664731	-9.636758	-12.363629
156	3	69	-7.975264	0.503800	5.419084	4.242934	6.214943	-17.576308	8.694753	8.340506	7.021906
156	3	24	-2.366669	0.420789	4.019002	-9.553346	5.694395	5.163895	1.605858	0.811561	-3.974529
156	3	7	1.533790	2.057591	-8.680174	-13.743420	-9.019241	11.320671	-0.194577	-3.470847	-5.861778
157	4	24	-5.289210	-0.138568	7.071229	5.929199	6.030108	-18.263431	3.840727	6.604071	6.306839
157	4	41	7.893851	0.813974	-13.183496	-12.770074	-5.460524	6.993380	-11.166234	-7.993525	-5.411360
157	4	29	5.766750	0.813968	-13.102852	-0.800128	-5.460516	-9.727432	-1.351591	4.235695	4.899065
157	4	6	-2.761670	1.411159	-4.574997	4.542248	-1.037775	-13.464208	1.115390	4.983429	5.891766
158	2	82	-10.917579	0.389394	5.146711	-2.624130	6.710374	6.244598	1.691080	-6.354746	-9.088308
158	2	18	-17.580167	0.389379	6.046060	4.425491	6.710380	-10.963883	9.008099	5.750880	4.184272
159	2	49	6.766071	0.821508	-10.027899	-12.387098	-0.969460	9.689834	-5.757954	-10.433055	-9.419405
159	2	51	-9.214433	0.756455	6.164335	5.228611	5.301088	-12.728835	7.129453	6.367853	7.367786
160	3	79	4.029560	1.286013	-13.180712	-16.936897	0.748208	5.581929	-4.763797	-9.909849	-6.055700
160	3	8	4.029558	1.286013	-7.201487	-5.364057	0.748209	-9.194183	4.445854	6.267232	4.583176
160	3	13	-10.538491	0.397585	3.994146	3.510371	5.945097	-18.873670	5.034389	6.369447	4.583261
161	4	19	7.494140	-0.296950	-10.412492	-12.652747	1.565266	2.932054	-10.154596	-9.967806	-6.621411
161	4	41	7.494140	-0.296950	-10.419786	-7.193938	1.565266	-3.333664	-4.675047	-3.881001	-6.618090
161	4	22	7.494140	-0.296950	-10.419707	-12.653417	-2.882087	3.343017	-11.112853	-9.976439	-6.621452
161	4	10	7.494140	-0.296950	-10.419784	-7.194066	-2.882087	-2.900365	-5.635071	-3.881527	-6.620706
162	2	33	-13.636770	5.114102	-7.599782	1.190353	-3.269047	-9.324727	1.212237	4.750504	6.826742
162	2	67	-9.388456	5.114102	-12.306079	-10.645826	-3.269047	8.313581	-9.931508	-12.517239	-11.366672
163	3	56	-11.578152	1.034137	3.069413	8.673794	3.693257	-11.217283	7.060529	2.163724	6.553248
163	3	22	5.838127	0.588532	-14.838702	-7.581780	0.566248	8.165745	-6.438852	-16.721050	-5.985006
163	3	22	5.838127	0.588532	-14.838763	-7.585355	-3.780393	8.729023	-10.383611	-16.721056	-6.154424
164	3	88	7.878310	-0.379829	-12.072283	-7.512340	-9.026232	9.287966	-8.690353	-9.801838	-13.115599
164	3	10	-4.959301	1.909188	-3.527594	3.314431	-5.357320	-9.336138	2.715759	5.008849	4.881659
164	3	2	2.936583	-0.356681	-6.292155	1.813517	-7.893222	-8.952296	2.715759	5.007755	4.881659
165	2	96	1.296556	0.782684	-8.821284	1.300444	-4.486839	-20.861858	4.127059	5.758302	7.180915
165	2	4	-9.038595	0.039219	2.158816	6.194030	5.892519	-30.830975	7.140716	5.758705	7.309502
166	4	15	3.877796	2.106504	-17.139315	-4.943579	-11.393090	5.861626	-14.192504	-5.673475	-8.600683
166	4	76	-5.560894	4.466091	-10.723126	3.392081	-6.090007	-12.133551	-2.790491	4.415134	1.346877
166	4	7	3.877179	2.106714	-17.139319	-1.959519	-11.393778	-6.038469	-2.791894	4.413352	1.344812
166	4	2	-3.614031	4.384418	-10.957927	0.406609	-6.089848	3.906660	-14.169589	-5.673410	-8.601117
167	4	59	-3.697065	0.550926	8.335206	6.120798	5.982888	-12.378308	7.626015	7.137206	6.637922
167	4	22	-3.495444	2.722470	-7.558855	-2.448658	-1.214214	8.940490	-7.357375	-11.025476	-4.096044
167	4	12	-3.495580	2.722473	-7.541859	-2.448173	4.533816	7.144080	-2.328370	-10.806817	-3.856375
167	4	7	5.417677	1.377110	-9.819768	-6.706627	-6.471589	8.901327	-7.864705	-11.022969	-4.098569
168	4	49	-7.114052	2.913607	-7.665696	-7.225971	-4.995544	9.298656	-11.965255	-9.018579	-6.000801
168	4	42	-12.414336	0.327938	4.062897	6.630913	-0.347536	-7.898984	6.209089	8.003654	8.397097
168	4	5	2.662815	1.746109	-12.575960	-10.836105	-6.178231	9.287111	-12.285938	-9.018582	-6.000843
168	4	4	-12.414336	0.327938	4.062897	6.630913	4.966948	-14.287364	6.210393	8.003727	8.397144
169	3	17	-7.784189	-3.535381	5.976045	5.480441	-0.920030	-13.858661	3.344755	4.473063	6.575227
169	3	79	6.468469	-3.679657	-8.766313	-9.715557	-5.898992	4.866106	-12.686329	-11.244343	-2.580753
169	3	4	-7.784398	-3.535377	6.131171	5.481166	5.095792	-20.406684	4.845023	4.668978	6.589407
170	4	19	4.765555	-3.047917	-13.814925	-9.957406	2.955550	0.088315	-4.908807	-13.822505	-7.445301
170	4	54	-3.405356	1.555787	-9.685541	-8.480006	7.046608	6.163027	-8.346166	-13.885679	-7.445320
170	4	8	4.692061	-3.047917	-7.815978	-2.253252	2.957696	-12.949710	3.952464	2.827602	6.846962
170	4	19	-12.093070	0.290611	3.498003	3.524074	8.102388	-10.361412	4.194023	2.827820	6.847246
171	2	95	7.083592	-0.187680	-12.720920	-12.698024	-1.103214	5.113337	-9.601376	-10.674905	-7.926257
171	2	5	-6.957554	-0.394144	2.403593	5.066993	7.372473	-19.637166	7.322345	3.692445	6.153538
172	3	92	6.537833	2.242158	-12.331379	-9.452178	-5.266306	10.279782	-8.436201	-12.086189	-12.417659
172	3	6	-5.011798	4.243584	-6.103787	1.943302	5.601977	-12.860911	6.670398	4.408422	3.934623
172	3	2	-7.823986	0.932292	4.991670	0.644821	7.279976	-6.305359	3.392592	-0.594907	-2.168257
173	4	50	7.629230	0.293160	-11.014279	-12.890164	-5.470837	9.068181	-10.574343	-11.734223	-7.742895
173	4	6	-5.805740	2.752031	-3.389781	-0.289846	1.579190	-4.496459	-0.076098	-2.406355	-4.875383
173	4	19	-6.621963	0.155248	2.290926	6.638900	5.524580	-16.078618	7.586606	5.007793	6.296589
173	4	12	1.873117	1.582220	-8.423038	-0.890117	-6.978664	-10.380078	1.814577	4.164000	4.810836
174	1	100	3.202364	1.396258	-12.196336	-16.219050	-4.692359	7.770994	-14.415162	-11.647596	-14.740132
175	4	24	-5.243043	4.181449	-11.694072	-6.595754	-1.801425	5.433199	-12.324734	-12.136249	-12.154007
175	4	28	-12.376339	-0.163173	7.006356	1.233744	7.987239	-10.819963	5.978427	-1.232835	-1.172465
175	4	16	-11.747723	4.239740	-5.107924	-0.393093	2.253168	-7.678550	5.514222	-1.277327	-1.172822
175	4	1	6.074098	1.192910	-5.006291	-4.514283	2.098994	-12.215674	5.581545	3.316854	5.107249
176	4	30	0.171549	-0.963165	4.947537	-9.328717	5.034663	3.192737	0.582775	-4.773904	-5.923048
176	4	50	-10.401256	-0.492946	6.434662	1.828335	7.850748	-13.189559	1.253380	4.561895	-0.880757
176	4	15	0.193060	-1.058014	5.435079	-4.079309	5.028577	-8.804765	1.253374	4.561887	-0.880761
176	4	5	-10.378136	-0.556821	7.932906	8.066594	7.860175	-18.657857	4.945189	6.649352	2.927154
177	3	34	1.549140	0.566440	-9.807978	5.929789	-9.752532	-8.428109	1.904989	5.365105	6.132896
177	3	63	6.946159	-0.360918	-14.993822	-6.405724	-9.903512	9.769044	-5.540162	-10.439836	-9.073551
177	3	3	-9.209524	1.081037	2.757898	6.095911	-8.390615	-8.340865	1.904990	5.365105	6.132896
178	4	16	3.920545	-1.815652	-3.849115	-8.314646	-2.139680	5.571843	-13.594767	-10.077988	-9.841133
178	4	31	-4.061909	-3.238342	3.880627	-4.810306	6.977622	1.506801	-4.976633	-8.781320	-9.837913
178	4	8	-4.535899	-3.241131	4.975074	-0.583267	6.977696	-5.182584	-1.686435	-4.232872	-3.702269
178	4	43	-9.603186	-3.241446	7.972347	6.946103	6.977740	-19.884756	4.071642	6.049564	7.271362
179	3	26	-4.554102	2.932708	-4.773845	2.118870	-5.062003	-6.534684	2.257601	8.614280	5.822010
179	3	65	2.706832	1.643471	-10.990868	-8.950179	-6.984533	8.791040	-10.764929	-9.090666	-4.638398
179	3	9	-3.893173	0.260299	4.639150	6.456190	6.327985	-15.663872	7.991407	8.630475	5.885354
180	2	41	-16.883623	-0.510933	5.828853	6.475545	5.006556	-13.419547	7.744354	8.492531	8.158015
180	2	59	1.437153	0.335333	-12.298640	-9.176005	-7.145962	8.105251	-9.486216	-10.140983	-10.753296
181	4	3	-9.991634	0.537556	1.805379	0.142162	5.163328	-2.341357	-2.440818	-5.415150	-3.659357
181	4	43	-4.234414	2.097500	-5.353858	-9.432186	4.525384	5.073068	-6.976912	-8.736697	-8.636242
181	4	30	-14.130804	0.301374	5.643036	6.166629	5.227095	-19.825636	4.182537	6.793736	6.338039
181	4	24	5.107170	0.025447	-10.261213	-8.728712	-7.366879	10.237524	-13.506172	-8.736697	-9.920059
182	2	89	6.931924	0.287508	-13.214968	-10.052722	-8.168471	10.337600	-7.590616	-12.948388	-11.366755
182	2	11	-11.386469	0.516797	5.141657	7.126107	1.758128	-13.335929	6.311888	6.089319	5.565458
183	2	98	7.907886	-0.171015	-12.721965	-7.873075	-1.756461	7.693223	-10.297741	-8.073900	-14.509578
183	2	2	-5.325806	1.676124	-4.166739	4.046875	5.529478	-12.549462	3.225642	7.116109	3.340073
184	4	13	-17.152811	-0.982936	2.068042	4.829492	6.390050	-18.384884	6.969716	6.944307	6.632975
184	4	14	0.262072	-0.139893	-7.576982	-13.834300	4.719279	2.887350	-3.827783	-5.095919	-11.894524
184	4	60	-6.032063	2.549483	-6.908063	-10.195187	-0.225974	10.051904	-11.079775	-5.564050	-11.929966
184	4	9	-6.032062	2.549483	-6.910887	-10.195187	-6.472917	10.099314	-11.092279	-5.564051	-11.929966
185	4	40	4.819824	-0.393597	-13.150494	-9.734972	-4.719207	10.750434	-7.737898	-9.978280	-6.616036
185	4	24	4.819824	-0.393598	-13.148131	-9.734972	0.904366	10.147412	-5.399809	-9.619964	-6.615980
185	4	4	4.819680	-0.415314	-6.651804	-5.934183	0.906788	-0.891172	6.756406	7.702980	8.022648
185	4	32	-12.446049	0.179270	4.161634	4.648998	6.368176	-16.612831	7.583298	7.926676	8.438301
186	4	52	2.328803	2.005674	-11.039119	-11.061482	-4.344650	10.106560	-6.269751	-9.838318	-10.284679
186	4	27	-3.908707	2.633828	-7.960071	-10.348241	-1.584165	10.183970	-6.266514	-9.838318	-10.284678
186	4	8	-4.160740	1.216461	2.954293	-10.246985	5.728803	4.147979	-0.144563	-9.658477	-8.452454
186	4	13	-5.611776	1.254142	5.884496	0.618552	5.947284	-15.000939	4.295398	6.760785	7.334239
187	4	69	5.628996	-1.848644	-6.438638	0.109018	4.076479	-14.651843	6.506836	7.690324	5.365409
187	4	22	6.830090	-1.892950	-12.398402	-11.271063	4.053211	0.674684	-0.480025	-6.174806	-9.218303
187	4	6	-5.924252	2.588166	-2.495256	4.907870	-0.787657	-9.804196	4.416599	7.630657	5.325504
187	4	3	-7.523668	-1.103160	3.068308	6.243714	6.210662	-19.188342	6.506836	7.690324	5.365409
188	2	67	-14.881211	-3.816798	4.105920	6.651031	2.296955	-21.054027	7.213474	6.897427	6.349636
188	2	33	1.724003	-5.000440	-8.049911	-9.244581	-5.981723	3.272073	-7.359882	-9.113158	-10.354977
189	2	47	7.158325	0.322983	-9.080313	-11.468516	-1.859366	9.961132	-10.993819	-4.503828	-10.383910
189	2	53	-5.229087	0.344380	6.314163	6.008055	7.049893	-18.369843	6.906538	8.781189	6.538609
190	4	20	1.521995	0.885785	-12.831415	-8.348992	-3.819625	8.073637	-10.064709	-11.827573	-10.971048
190	4	49	-8.690492	3.304991	-8.650229	3.252996	4.210133	-12.326260	7.181166	6.363750	7.690937
190	4	30	-4.885367	3.304990	-15.189017	-7.798200	4.142729	7.752327	-4.168897	-11.827323	-8.794477
190	4	1	-14.324421	-1.011229	2.879959	5.053899	6.767216	-21.203487	7.262222	6.363750	7.691367
191	2	93	6.585564	-0.069868	-15.833715	-12.560341	-5.169164	9.139211	-15.265765	-8.860061	-13.093050
191	2	7	-6.844679	3.501501	-6.906400	1.312100	3.505244	-18.364970	4.204874	5.877351	4.561207
192	4	64	-7.133475	5.504409	-9.305811	-11.025208	-7.772906	10.639514	-10.252534	-10.805848	-10.116363
192	4	28	-8.197072	0.706888	2.184900	-6.872124	-2.828217	8.281310	-10.246721	-10.805557	-10.116363
192	4	3	-12.870089	0.703641	6.842611	2.814333	3.812762	-18.257553	3.803226	4.800420	6.705577
192	4	4	-9.763133	0.703641	4.200867	-1.823777	3.812765	-2.480382	-2.615238	-3.396204	-10.116130
193	4	3	5.912216	0.182367	-5.072284	-2.038981	-1.295850	-9.325187	9.223086	7.785639	4.419136
193	4	10	-8.681544	-0.025457	5.809682	3.861547	8.563421	-13.740211	9.352961	7.785648	4.419136
193	4	28	5.921592	0.179614	-6.348750	-10.825099	-1.294949	8.434219	-1.308634	-2.438698	-12.171102
193	4	49	5.921589	0.179615	-6.347543	-10.825099	4.178545	7.900374	-1.178136	-2.409332	-12.167286
194	2	67	0.584839	1.451030	-15.343086	-11.474697	-3.150072	9.079177	-11.080217	-4.974144	-9.739056
194	2	33	0.584839	1.451030	-14.015011	-11.471956	1.813892	7.607679	-6.020546	-4.781659	-9.739056
195	4	32	2.212243	-2.597627	4.434664	-3.095879	4.671550	-8.456997	2.912211	-1.381660	-1.575417
195	4	15	-4.868458	-0.648386	0.360214	7.059835	6.976479	-24.128549	6.970483	5.538987	4.723828
195	4	25	2.566458	0.760953	-10.238465	-8.275598	3.933737	1.767518	-2.803728	-12.230787	-12.543682
195	4	2	-3.938006	-1.762661	2.652345	1.736645	7.014178	-12.998146	2.912370	-1.339246	-1.575404
196	3	78	-0.534082	0.563362	-10.715181	-9.722236	3.590352	4.065201	-4.446231	-11.612317	-7.478455
196	3	12	-9.865518	0.260368	4.354081	-1.768651	5.000557	-7.608134	6.065561	0.501207	0.898124
196	3	10	-15.414814	0.260368	4.354761	2.345223	5.000557	-14.834116	6.480404	5.632311	5.003623
197	3	85	-0.206515	3.457642	-12.287198	-3.640170	-5.649228	12.322014	-4.817268	-1.800717	-9.682877
197	3	5	-10.215984	0.532996	6.732111	9.369647	3.417865	-5.154337	9.232586	7.305301	4.696603
197	3	10	-10.216059	0.533055	6.728940	5.274967	3.417709	-2.439150	3.846522	0.194111	-2.385316
198	4	19	6.135334	-0.326261	-5.074711	-9.084752	2.641852	5.152381	-5.411344	-6.681667	-11.589826
198	4	19	-3.495081	1.795140	-0.835376	-6.901963	3.257271	7.898898	-5.410599	-6.889162	-11.589421
198	4	12	6.135334	-0.326261	-5.074713	-9.084769	-2.037513	7.063486	-10.567593	-6.859731	-11.879320
198	4	26	-5.135535	-0.105175	8.600889	8.747774	5.911081	-16.817672	6.485736	7.051741	4.624772
199	1	100	5.662381	-0.015905	-13.592155	-11.418210	-6.872036	8.835226	-6.353299	-10.680073	-9.440770
200	4	10	-11.527077	-0.705620	4.327668	5.948879	6.867025	-17.075194	5.122045	5.128521	7.330352
200	4	20	-0.854796	2.064703	-3.346873	3.775955	-3.207124	-10.887308	3.778266	4.983565	7.327337
200	4	48	6.319267	0.710583	-14.632191	-8.298288	-4.451603	6.491353	-3.663545	-6.665819	-8.094172
200	4	21	6.319258	0.710584	-8.364243	-3.627848	-4.451620	0.124777	3.165482	1.130226	5.670792
201	4	31	6.447490	-1.148703	-6.221323	-10.169936	-6.358370	7.011109	-13.191695	-16.045186	-10.228680
201	4	47	-8.694552	-1.335820	7.128845	6.511056	6.759658	-16.021290	4.956358	2.151244	4.606005
201	4	21	6.447347	-1.148691	-6.221323	-9.918302	0.279012	6.194650	-13.137218	-16.045173	-10.228677
201	4	1	0.230283	0.083153	-4.433958	2.802739	-0.369551	-2.850636	-0.833331	-3.665597	4.605790
202	4	64	4.393532	0.960019	-10.649316	-5.628926	-4.311014	9.417961	-8.107937	-12.219412	-8.632004
202	4	2	-2.899400	-1.915481	5.626258	7.796004	-1.817614	-10.103409	4.432912	5.414285	6.718060
202	4	23	4.393540	0.959994	-10.443992	-5.629230	2.225019	8.298171	-5.173007	-12.219412	-7.864438
202	4	7	2.798719	0.882223	-5.620581	4.337625	2.274036	-10.201658	5.929981	5.414293	6.822615
203	4	37	-15.564130	1.914191	2.944196	6.271156	6.462161	-21.479487	6.607513	6.206857	9.326271
203	4	19	-5.011956	2.043309	-8.418096	-5.415756	6.086328	3.985411	-3.329818	-6.222692	-8.610208
203	4	41	-11.992197	2.041018	-3.252014	6.127814	6.093626	-21.441745	6.590994	6.206777	9.326271
203	4	3	3.185162	-0.854528	-15.262007	-10.396388	-1.853563	4.993512	-6.124405	-7.834331	-8.611122
204	2	94	4.156755	-0.345663	-16.179511	-11.132901	-3.010419	4.737730	-9.620064	-11.084768	-11.393496
204	2	6	-13.350773	-0.470661	2.261895	6.980373	7.174028	-15.100219	5.039675	3.079597	7.676728
205	1	100	-13.659495	-2.377774	8.516714	6.161092	9.018615	-22.106576	7.743464	7.349838	6.487586
206	2	91	-13.162843	-2.351303	7.246479	7.444687	8.528555	-21.261101	7.783294	7.755266	7.890651
206	2	9	2.404798	-2.498100	-4.911915	-3.735915	4.788192	0.307236	-2.708378	-9.338765	-6.212489
207	4	35	-12.601557	0.823505	6.241788	5.917060	4.353999	-12.524972	8.165832	6.462655	8.575491
207	4	11	1.215957	2.577481	-5.910507	-8.314522	-0.119971	9.938430	3.504412	0.404857	1.892321
207	4	11	-8.578801	0.820813	6.236420	1.159927	4.312773	2.582487	3.516789	0.574745	2.153208
207	4	9	-4.775590	3.327678	-10.418196	-9.864749	3.840230	8.664531	-1.508025	-8.793962	-7.775317
208	3	33	4.778701	-1.052610	0.422873	-4.642404	1.810492	-18.323839	8.161255	6.151133	6.166401
208	3	31	7.844805	0.172606	-5.013634	-5.463882	-3.002644	-10.458687	3.455253	6.095109	6.148063
208	3	36	7.881044	0.172629	-10.984489	-14.132259	-3.002735	6.233148	-8.361827	-5.509961	-8.908776
209	4	41	-4.384022	3.120769	-7.666465	-5.844588	-4.796965	7.049851	-13.319864	-10.293651	-8.917181
209	4	9	-9.230434	-0.123497	4.723758	9.180739	6.476448	-19.151090	4.388999	4.377039	5.954338
209	4	12	1.403824	0.474660	-9.502269	6.063461	-6.136990	-6.303418	-2.112304	0.667825	2.647736
209	4	14	-9.050738	3.120773	-7.616311	2.768967	-4.796947	-4.079585	-2.111137	0.584797	2.647753
210	4	17	-6.726020	5.269926	-3.104512	0.540030	2.527915	-6.599970	6.584983	6.018078	5.422097
210	4	54	-3.886078	5.183318	-8.180339	-6.204498	-2.558279	10.091712	-9.651382	-8.070452	-3.936138
210	4	11	-14.535112	1.661016	3.184445	2.255309	5.216540	-11.060143	6.651103	6.018078	5.422104
210	4	7	-3.886672	5.183352	-5.204959	-2.623415	2.527620	4.177908	1.592552	-1.206146	5.258472
211	4	52	-4.465049	4.829343	-9.717041	-10.440349	-7.296191	11.259339	-12.344818	-9.176328	-7.493426
211	4	22	-8.846904	5.003292	-9.367310	1.780135	-7.341973	-9.712802	-1.047090	3.070583	5.015207
211	4	19	5.559839	-0.771498	-14.056538	-11.491516	-6.877837	9.433071	-12.235523	-9.096670	-7.493394
211	4	5	2.767399	0.867982	-14.041675	0.563738	-7.052100	-7.709899	-0.975282	3.151175	5.031844
212	2	72	5.496541	-2.389414	-10.300089	-14.464644	-2.429535	7.586481	-8.409688	-9.811545	-10.704804
212	2	28	-8.940765	0.166917	1.869245	3.077455	6.124409	-17.342054	6.638336	8.644648	6.600585
213	4	15	-6.092038	1.488304	3.257448	-7.714825	6.233480	5.415295	-2.796291	-7.879082	-4.379309
213	4	27	-11.962984	1.488383	5.034834	1.578365	6.233946	-14.809604	6.912045	7.254858	7.221965
213	4	22	3.213229	1.823926	-7.338250	-14.639410	-5.871758	8.722718	-6.928587	-7.884939	-4.379503
213	4	14	-5.213967	2.706943	-3.698789	-9.483056	-2.609616	9.092448	-5.871112	-7.884940	-4.379518
214	4	32	-11.629768	2.009427	8.023815	1.573208	4.192017	-14.727964	5.501784	6.399438	6.896839
214	4	15	-5.170985	2.694888	-7.466355	-8.806846	-4.218671	10.668401	-9.340636	-7.130578	-9.396204
214	4	31	-7.502443	2.011287	2.548844	-7.784835	4.185897	6.531694	-6.919025	-7.130518	-9.396124
214	4	18	6.869315	0.726399	-7.932332	-11.669438	4.924125	6.389936	-6.846581	-7.130498	-9.396115
215	4	48	4.565724	1.905578	-11.354441	-12.147434	-9.059148	6.764989	-12.115155	-9.420216	-8.196955
215	4	30	-12.824230	1.651114	6.527591	3.636692	3.185295	-18.232327	5.033998	6.707929	7.629256
215	4	12	4.565609	1.905578	-11.349225	-3.033023	-9.059128	-5.187572	-1.301300	0.667567	3.901288
215	4	10	-7.041844	3.330989	-4.440356	1.762406	-3.240633	-9.164927	-0.995448	1.067968	4.859922
216	3	18	3.011610	-3.171404	0.570750	-8.384950	-4.247156	5.176602	-12.763527	-9.283762	-10.627716
216	3	72	-3.392643	-0.255999	2.968456	-5.759625	6.543894	5.683704	-7.481763	-9.350174	-10.890715
216	3	10	6.612081	-0.218397	-4.608749	-10.924919	-4.270898	7.255865	-12.763529	-9.412318	-11.684916
217	4	60	-9.169540	-0.007931	7.549675	2.140530	7.657933	-19.884545	5.861360	4.910675	8.003705
217	4	8	5.892646	0.077413	-0.381484	-3.425800	-3.260531	-10.104089	4.427713	4.716882	8.003336
217	4	4	1.192765	-1.086875	2.857949	-3.357304	2.732159	-14.071734	5.823409	4.907360	8.003704
217	4	17	4.982812	1.923269	-7.162155	-12.838652	-5.846501	5.777539	-3.967569	-5.205092	2.552981
218	4	20	-12.563385	2.165270	6.327645	4.000315	-2.385865	-12.514700	1.802937	5.377700	6.767352
218	4	52	-3.435573	3.586153	-5.189501	-8.250673	-6.753720	9.326392	-12.856689	-11.095415	-11.138113
218	4	12	-12.596958	2.165270	6.583247	4.048036	2.633467	-19.005458	5.098187	5.425909	8.601682
218	4	12	4.820889	2.120951	-8.799108	-9.051615	-8.336878	9.189319	-13.029624	-11.093075	-11.125239
219	3	59	8.422841	-0.881241	-11.417217	-8.254796	-4.166727	-1.416548	-7.573750	-5.972480	-10.700525
219	3	31	8.422841	-0.881241	-11.417217	-8.264533	-4.166727	3.921729	-11.548001	-9.991518	-10.700532
219	3	10	-6.349268	-0.632169	3.701729	6.767634	7.503325	-23.890644	6.236744	6.341012	5.543926
220	3	52	8.540236	0.145638	-10.689904	-5.655143	1.206700	9.778037	-7.556102	-6.690808	-8.511430
220	3	30	-9.400139	0.060981	6.936594	5.506618	7.001928	-19.959008	3.681049	7.712382	6.700746
220	3	18	1.953141	0.145039	-5.349250	5.276540	1.241346	-13.665237	2.816927	7.712347	6.700382
221	4	78	9.281179	-0.210402	-12.196617	-8.814288	-4.836098	7.121986	-8.120647	-12.583436	-11.411830
221	4	1	-2.917321	0.695470	1.614187	5.486870	6.746592	-20.985914	7.478143	6.517239	4.324779
221	4	20	3.783081	-0.211451	-9.022881	1.460491	-4.832775	-16.000191	2.546546	6.516349	4.290711
221	4	1	-2.987726	0.763346	1.274066	5.373382	6.757623	-20.865950	7.478550	6.517239	4.324779
222	4	68	6.300394	1.527265	-15.018019	-11.610169	-6.997805	8.141959	-8.306967	-10.164785	-10.334961
222	4	1	-8.137793	3.256921	0.817714	4.280966	-5.377793	-9.310524	2.964661	6.715190	5.901938
222	4	10	5.876142	1.526466	-9.693779	-0.377230	-6.996271	-5.554585	2.947942	6.679700	5.901523
222	4	5	-6.944823	3.755108	-4.539655	3.872948	-5.613492	-9.198042	2.959478	6.714948	5.901812
223	1	100	3.413766	2.586216	-18.744852	-14.308727	-8.374029	8.725969	-8.592394	-14.391903	-11.983391
224	4	27	-4.230060	2.700317	-4.353768	-8.728294	-4.050437	10.162565	-11.423933	-13.539609	-6.775706
224	4	10	-11.945044	1.714909	5.317395	4.680627	4.457090	-15.127628	6.286392	4.760760	8.769101
224	4	9	1.291783	0.315081	-6.725168	4.460449	-3.678563	-5.577879	0.278866	-1.128675	5.601653
224	4	17	5.839864	0.291153	-6.906897	-9.683537	-3.799372	7.891228	-11.414567	-13.539609	-6.775699
225	1	100	8.722541	0.302333	-18.470496	-10.591065	-8.868679	9.021455	-11.218263	-11.159638	-11.482369
226	4	95	-6.430782	-2.061632	5.459019	7.750928	6.623121	-15.191455	6.881567	1.902782	6.123493
226	4	3	5.167659	0.707795	-8.666737	-8.165215	-5.457871	6.210902	-7.290147	-10.167412	-4.509389
226	4	1	4.729101	0.707795	-8.360176	-4.948876	-5.366176	5.999784	-7.010185	-8.266562	1.049925
226	4	1	-4.107478	0.708039	-3.810237	-2.225627	5.766595	2.785620	-2.337911	-10.164315	-4.260346
227	4	78	5.637592	-0.858051	-12.852256	-12.621771	2.047854	3.938115	-7.550558	-7.749142	-15.425199
227	4	5	-7.720296	-1.078232	0.201104	6.029300	7.329987	-24.128374	3.956977	8.330524	3.037712
227	4	4	5.047906	-0.858051	-7.466158	-0.237467	2.047861	-16.998594	3.809688	8.311130	3.037708
227	4	10	5.637592	-0.858051	-12.852256	-12.621770	-3.613437	6.460440	-11.133272	-7.764886	-15.425285
228	3	29	-8.199909	-0.413668	5.625618	6.379021	3.385101	-15.462039	6.868163	6.977957	8.214456
228	3	46	6.875657	-0.122601	-8.369153	-8.975710	-5.959595	7.958121	-9.183606	-11.462389	-9.688877
228	3	25	-8.199909	-0.413668	5.625506	6.379020	0.034694	-14.215221	4.140874	6.976594	8.200271
229	4	33	-13.483502	2.118042	-3.687193	5.624630	-5.075697	-9.703034	2.209471	8.455999	9.716806
229	4	32	-15.146587	0.892458	7.652126	7.449403	0.039869	-9.894475	4.988313	8.458768	9.758231
229	4	25	-6.913441	2.117513	-7.313897	-2.209258	-5.075646	8.793863	-8.915037	-7.497768	-5.093708
229	4	10	-6.510078	0.890326	2.284854	-0.386897	0.060211	8.373304	-6.058961	-7.497765	-5.093697
230	2	83	-4.406474	2.554074	-10.109228	-10.526814	-10.109688	7.381417	-14.042488	-6.003728	-11.615959
230	2	17	0.084028	2.208980	-11.256092	-10.325304	-12.480274	7.261897	-14.042487	-5.975818	-11.590779
231	4	85	6.988978	-1.572953	-10.421410	-11.198541	-5.708795	7.309810	-9.847690	-9.521315	-6.825119
231	4	3	-9.975063	-1.183476	4.663365	3.386463	4.858521	-19.183154	7.050629	5.848018	3.820354
231	4	8	6.988501	-1.572972	-10.346593	-3.109361	-5.708462	-3.007084	-0.542742	0.271950	3.803342
231	4	4	0.370041	-0.582879	-2.280516	2.036087	3.639618	-17.631337	7.050522	5.848018	3.820354
232	3	91	-8.741479	-0.238648	7.085445	7.435799	4.453808	-19.747671	6.316480	7.870352	7.042671
232	3	6	-2.670656	-0.342998	4.170663	-3.002335	4.505886	2.064946	-1.773109	-2.467407	-6.172683
232	3	3	6.253157	-0.515290	-3.368999	-8.828619	-7.570746	8.370328	-3.436730	-3.801177	-6.173011
233	2	58	-10.398071	-0.582247	6.833840	6.472271	3.792957	-23.465468	7.421725	6.486521	6.889103
233	2	42	4.702495	0.375997	-7.845415	-9.846796	-2.816301	2.619729	-6.801131	-7.453330	-11.658463
234	3	61	5.122891	2.045292	-12.750827	-10.665565	-5.795990	5.224152	-9.559814	-9.383895	-9.401335
234	3	10	-9.564168	1.001503	5.262618	8.432785	6.452598	-19.556529	5.465822	6.719420	6.917526
234	3	29	-14.136103	3.863038	-0.196096	4.643153	2.753359	-19.511461	5.357381	6.719420	6.917526
235	4	49	5.551235	-1.906644	-15.981679	-10.278593	-4.018410	6.658645	-14.274197	-7.183272	-5.287925
235	4	30	-3.966914	0.041862	-2.108732	6.955465	6.469249	-14.125099	2.180953	6.662124	6.671062
235	4	13	2.049959	-1.184139	-11.175704	1.627827	3.588700	-16.045191	2.139195	6.627504	6.665081
235	4	8	2.395335	-1.294214	-15.256911	1.303266	-1.763762	-7.142815	-4.094897	1.974737	3.588974
236	4	7	3.248130	-0.849796	-5.659043	1.125699	-2.567222	-15.821865	2.617561	7.675932	6.267485
236	4	14	3.248074	-0.849796	-5.158171	1.125699	3.074306	-19.805432	7.979224	8.550907	6.267508
236	4	39	6.573668	-0.849797	-10.367176	-10.497871	-2.896445	5.655688	-8.221528	-6.937046	-10.382888
236	4	18	-7.890672	1.652336	-0.281498	6.081198	4.217731	-19.010282	8.009109	8.551527	6.267508
237	2	26	-4.773024	3.469143	-8.904700	0.732111	-8.264715	-11.049153	2.100924	4.990073	4.360251
237	2	74	5.446463	0.747457	-18.502132	-10.818015	-14.789796	9.166734	-9.119271	-7.110251	-12.927965
238	3	81	8.188383	0.483440	-13.924361	-9.154425	-4.186576	3.025041	-8.869603	-13.879762	-8.611277
238	3	9	-4.121634	1.902058	-7.116838	4.346680	-1.948742	-17.876659	2.528052	4.288407	5.291509
238	3	10	-4.121636	1.902058	-6.828521	4.346680	4.226397	-20.234306	7.805588	4.305186	5.417126
239	3	47	7.628115	0.752215	-8.974846	-10.828653	-7.406607	10.070606	-10.879391	-14.067451	-8.673343
239	3	49	7.557312	0.750793	-2.589288	-10.828384	-7.391341	10.070294	-10.877829	-14.067451	-8.673343
239	3	4	-5.267858	0.752859	5.564026	7.136279	4.790300	-11.394043	5.317046	3.074506	6.398781
240	2	27	6.538973	-0.713837	-11.799369	-2.628682	-0.796411	-5.347308	-0.208668	1.467863	2.544246
240	2	73	6.594873	-0.713837	-15.647846	-13.862463	-0.796411	2.003582	-9.819513	-12.329412	-9.740298
241	4	44	-4.074243	1.858410	-2.343948	-7.026241	1.973224	5.327053	-1.114066	-11.793170	-10.269570
241	4	29	-14.134551	-0.010948	4.372738	1.493257	5.328287	-12.427771	8.548337	3.623634	0.033166
241	4	22	-15.737901	-0.011188	4.378478	7.955071	5.328856	-19.384342	9.164835	5.603469	5.803519
241	4	5	2.070899	0.695754	-14.024479	-7.755662	-5.772632	8.507895	-7.063099	-12.245533	-11.806314
242	2	54	-3.520988	2.822506	-7.600056	-7.999476	-3.619175	10.338159	-13.105292	-10.809078	-12.128322
242	2	46	7.051825	0.714872	-13.851860	-13.126306	-7.161677	10.205884	-13.105780	-10.809078	-12.158953
243	4	12	-9.400113	0.125733	4.466599	7.455625	6.562827	-17.109570	6.161034	6.094854	6.738250
243	4	59	5.218815	2.032193	-14.167241	-12.086805	-8.828020	10.716135	-9.261875	-9.029786	-4.803345
243	4	13	5.107610	2.034409	-10.704527	-1.140177	-8.830184	-8.721425	-0.055094	3.716921	4.691509
243	4	16	-7.057375	2.530494	-7.639672	3.252079	-2.825521	-11.871606	0.030432	3.790776	4.812963
244	4	14	-8.660605	4.179581	-5.841884	2.955738	-2.351532	-12.745206	3.826588	6.398425	3.541883
244	4	53	-2.350543	4.340405	-12.430981	-10.027959	-2.926630	8.265983	-7.062850	-8.005593	-11.146483
244	4	31	6.358640	0.263467	-11.645269	-12.903808	-4.621872	8.059987	-7.066494	-8.005593	-11.146483
244	4	2	5.825848	-0.023248	-5.572034	-0.034916	-4.453177	-10.678452	3.814342	6.398418	3.540517
245	4	72	-13.077427	-2.382838	6.149843	2.923371	8.183309	-16.166755	6.642537	7.275349	9.380418
245	4	14	-6.612958	-2.383047	0.300173	-7.409084	8.183200	3.767508	-2.344126	-8.219909	-4.320188
245	4	6	4.544275	-2.258737	-12.279367	-12.580521	-2.565442	9.492429	-6.420896	-9.955251	-4.321086
245	4	8	-6.807495	2.462444	-10.607611	-12.438527	6.909905	4.484696	-2.763649	-8.512612	-4.320805
246	4	77	-11.971454	-1.262381	8.645716	0.548432	8.934889	-17.308048	5.065269	9.352236	0.443092
246	4	6	-12.006367	-1.262381	8.645716	4.236365	8.934889	-24.244096	6.696030	9.415543	4.188746
246	4	9	3.903139	-1.240689	-7.241562	-4.801763	-2.958155	-9.048045	-2.814851	7.292502	-3.158029
246	4	8	-3.360098	1.957010	-4.744163	-5.915961	-3.615873	-4.343225	-2.894124	7.226038	-3.221346
247	4	18	-11.456439	0.061884	6.113973	8.082976	7.504368	-19.066646	4.539750	5.857518	5.020541
247	4	37	-11.456382	0.061902	3.026517	3.266222	7.504363	-8.012894	-1.272153	-5.572115	-5.432429
247	4	20	6.112362	0.500589	-4.278488	-8.700928	0.617367	8.271623	-5.076368	-10.672052	-12.594694
247	4	25	-5.066159	0.109958	1.125554	-2.941009	7.487861	2.364336	-5.057114	-10.671551	-10.925460
248	1	100	6.113780	0.309231	-8.240540	-9.554128	-6.761264	11.742811	-8.789030	-12.541997	-1.680978
249	2	92	-17.883638	1.597620	4.556021	3.542734	4.514062	-15.402211	6.875613	8.101441	5.049244
249	2	8	-7.283543	2.483055	-4.147209	-7.554733	-1.842723	5.068245	-1.848078	-4.511990	-7.348766
250	4	34	3.928916	2.230866	-9.472193	-2.613872	-7.949819	-4.328780	0.983344	2.330546	7.417733
250	4	20	4.215699	2.178366	-13.086164	-7.521938	-7.855494	9.631524	-10.820048	-8.153640	-2.186062
250	4	35	-5.391812	1.685854	3.903523	4.362620	6.158932	-16.701293	6.858588	6.111560	8.523022
250	4	11	-4.761135	3.025178	1.039402	-0.008089	-4.824938	-6.320944	0.984243	2.331836	7.418074
251	3	95	5.639396	-0.800292	-11.114437	-8.653394	-6.855642	11.546835	-11.166758	-10.847647	-13.651747
251	3	4	-3.010485	-0.848448	5.070902	5.575034	6.150443	-14.878168	3.418702	6.902459	5.104790
251	3	1	-8.545762	-0.871342	5.182178	5.885671	6.150582	-14.924239	3.418702	6.902461	5.104790
252	3	46	-11.547787	0.887591	4.339919	1.662662	3.225400	-8.990577	-2.265748	-5.642788	-4.404565
252	3	53	5.515910	0.267085	-7.853022	-10.514744	-6.977594	6.369558	-14.710814	-11.037929	-12.615197
252	3	1	-11.977554	0.887583	8.301678	6.229800	3.225419	-21.291990	4.347152	6.832088	5.945526
253	3	31	-7.999680	-1.931313	7.093995	5.671595	7.947810	-14.594899	6.608111	5.941788	7.022665
253	3	46	7.769399	-1.682544	-8.169230	-8.186284	3.330304	5.001356	-4.538206	-7.221057	-9.140543
253	3	23	1.468506	-1.501038	-3.321136	3.885462	3.280840	-13.683787	6.593640	5.941736	7.022626
254	3	49	3.106497	2.474414	-15.543012	-16.381271	-5.625615	7.630245	-10.805644	-7.860490	-9.476824
254	3	14	-9.070108	2.142763	2.213273	-0.297635	4.788938	-14.560240	6.371081	5.640256	7.243617
254	3	37	3.095983	2.474334	-11.284402	-4.609065	-5.620626	-7.424996	1.958972	4.944560	7.240198
255	3	78	6.297776	-3.183679	-10.709804	-8.846377	-2.976318	6.186571	-11.196463	-10.967373	-10.239653
255	3	15	-9.352671	-3.415713	7.117601	1.929874	4.853254	-8.085102	1.103421	0.089803	-1.792836
255	3	7	-9.340606	-3.415713	7.120966	5.440218	4.853254	-15.423640	6.312869	5.948242	4.500272
256	3	34	3.699629	1.693611	-13.615845	-11.070647	-7.971684	6.798937	-9.868170	-8.949607	-6.150502
256	3	60	2.921197	1.887191	-13.732083	-0.234108	-8.232787	-12.345575	0.492192	6.165877	7.345824
256	3	6	-7.515545	3.102057	1.350152	2.882715	0.458307	-12.980169	3.835521	6.599069	8.493081
257	4	4	5.697937	-2.152454	-11.220608	-6.609005	-2.463126	11.349803	-10.388250	-7.700160	-2.617174
257	4	55	-8.498568	2.204061	-7.658608	0.330186	-3.037791	5.357729	-6.520554	-3.466009	3.938621
257	4	21	-4.864233	2.204178	-7.756821	-2.910358	-3.041971	11.854965	-10.670563	-7.699751	-2.617174
257	4	17	5.688953	-2.152428	-11.217487	-3.369012	-2.462255	5.711005	-6.400020	-3.466072	3.938621
258	4	31	-11.263071	0.901106	1.996959	7.412357	4.747581	-17.880870	5.215737	7.077867	7.921647
258	4	23	1.070875	-0.075547	-7.483753	5.417049	2.574840	-18.453154	5.043796	7.075102	7.920752
258	4	39	-8.450476	2.015903	-4.201930	6.798681	3.144136	-17.800950	5.190625	7.077483	7.921523
258	4	7	5.967469	-0.075952	-12.939108	-1.717705	-4.393483	8.960850	-11.359241	-10.246061	-9.459015
259	2	7	5.245853	0.433494	-5.139341	-5.846759	-4.645858	7.086576	-8.069721	-10.304320	-11.288631
259	2	93	-7.645670	-0.480137	8.828730	5.580453	4.545610	-16.017081	2.983764	1.811645	-1.028160
260	3	49	-5.535479	1.775296	-7.237579	-2.875759	4.391413	6.453490	-3.749211	-12.361685	-8.660429
260	3	41	-18.293976	1.323241	2.356674	6.642224	5.465001	-10.732300	6.560262	5.051538	7.581513
260	3	10	0.765549	0.987066	-8.919221	-4.758793	-1.436879	8.650959	-6.641316	-13.783316	-8.733845
261	2	89	0.982684	-2.301030	3.161383	-9.160040	-3.800065	3.614059	-6.428415	-10.489473	-12.410303
261	2	11	-10.100523	-0.243373	6.285786	3.721359	6.366229	-22.446742	4.672036	5.000346	2.593686
262	3	30	7.723964	-0.891695	-7.623567	-9.346870	-5.591359	6.236981	-4.774338	-10.505249	-9.264994
262	3	57	-9.618345	-0.423144	6.789053	6.982440	5.271779	-17.567844	9.819712	6.092195	8.192554
262	3	13	-3.309798	-0.551365	6.415631	-3.432017	5.268148	2.022644	0.144144	-9.266346	-5.904089
263	4	40	3.075209	1.282349	-9.370853	-13.064547	-6.420980	5.909237	-6.671908	-10.815254	-9.103258
263	4	17	-3.533891	2.917397	-4.934183	-1.688809	4.965669	-7.705166	4.398420	0.524127	-2.434037
263	4	24	-6.150466	0.720108	7.271029	-1.410050	6.123246	-7.787037	4.398433	0.524130	-2.434037
263	4	10	-9.286052	2.917276	-4.753579	1.907025	4.969959	-18.288728	7.261650	6.678210	3.882713
264	2	14	-3.787840	-0.716978	3.281816	5.180472	7.601332	-22.326758	6.126693	6.364597	7.532196
264	2	86	3.848157	-1.903376	-4.380698	2.694343	5.158292	-22.395602	6.126693	6.364597	7.532196
265	4	43	-6.616647	4.151323	-7.656228	-4.289584	4.118214	8.106814	-7.586223	-9.161653	-11.409173
265	4	16	-6.616647	4.151323	-7.656231	-4.289584	-0.813714	11.903278	-12.244659	-9.190089	-11.409176
265	4	13	-0.159263	2.529717	-10.186618	-10.123601	-1.414596	11.925069	-12.717759	-9.190420	-11.409176
265	4	13	-11.472239	0.133080	6.716072	5.766892	5.505511	-11.072780	3.886031	5.321268	5.200432
266	3	91	3.892260	1.199231	-12.002975	-10.907953	-2.046416	9.631518	-6.035733	-9.621669	-10.803612
266	3	5	-10.985864	2.124922	4.709524	5.332933	3.588245	-20.607868	6.481710	6.475792	7.100690
266	3	4	3.892261	1.199231	-12.002975	-10.548074	1.660103	6.302211	-3.132901	-9.621659	-10.803541
267	4	26	-5.482657	3.070273	0.011819	0.961304	-1.908546	-11.187173	2.773071	7.685835	6.241373
267	4	23	-3.858341	3.540426	-8.964501	-8.398160	-2.597436	8.998967	-4.487747	-5.070831	-9.262994
267	4	9	4.726405	1.896265	-11.716887	-13.023497	-5.473138	8.463804	-4.489198	-5.070828	-9.262884
267	4	26	-9.695512	2.239603	1.864511	0.964283	4.925393	-16.982367	7.819530	7.957387	6.261362
268	2	46	-11.298879	2.720923	3.387620	1.782453	5.471270	-14.138026	4.397844	6.214010	6.665988
268	2	54	7.690948	0.638601	-12.369859	-7.481187	6.590572	2.428636	-6.289913	-8.905891	-6.695880
269	3	43	0.006113	-1.605285	-5.464721	6.193194	5.130787	-19.729721	6.575039	6.089618	6.053818
269	3	46	4.953927	-5.742233	-11.755482	-0.041165	-3.812044	-9.282267	-4.787698	-3.408722	-6.211527
269	3	11	-11.718191	-4.507322	3.392823	6.935233	6.569721	-20.381862	6.575045	6.089618	6.053818
270	4	45	-4.350144	2.430047	-8.006770	-10.817067	-6.312263	9.819679	-9.749339	-8.691518	-7.948119
270	4	34	-12.322624	1.180663	6.502547	0.561448	-6.277886	-11.338323	1.961989	5.088910	6.753782
270	4	19	3.311803	0.820556	-11.904582	-16.656157	-12.542045	9.422415	-9.749444	-8.691518	-7.948548
270	4	2	2.412675	0.858344	-5.468039	-5.585447	-12.556130	-6.082949	1.961989	5.088910	6.753781
271	4	55	6.791323	-3.457906	-11.527059	-9.465468	-5.224511	4.844982	-8.582605	-10.508765	-9.367650
271	4	11	-10.232615	-3.884477	4.726827	7.077874	6.598922	-17.976065	6.475397	5.104379	5.949277
271	4	7	-9.044707	0.739607	-5.172708	1.805955	-1.746408	-11.267455	2.294691	5.096542	4.657307
271	4	11	-9.045621	0.739608	-4.270810	1.958375	4.336159	-14.904177	6.435303	5.104340	5.949277
272	4	38	4.184745	1.686222	-12.981500	-8.659713	2.344946	8.310712	-4.655617	-3.943012	-10.008487
272	4	13	-5.554393	1.056049	3.390595	7.537772	7.866002	-17.276368	7.167936	7.625681	5.057355
272	4	5	3.671875	1.766557	-7.348483	-0.804931	2.229473	-9.729897	7.161588	7.625668	5.057195
272	4	41	4.184746	1.686222	-12.983991	-8.659714	-4.024095	12.450992	-10.357409	-3.946654	-10.102778
273	4	29	-12.835949	0.776810	6.595460	6.139145	-2.684180	-11.050760	2.787910	7.637094	6.259195
273	4	29	2.797921	0.768364	-11.085317	-7.218962	-7.917069	6.592312	-10.326161	-5.517995	-12.686252
273	4	40	-4.533731	2.602559	-6.443424	-10.425533	-8.183969	7.233624	-10.339735	-5.561387	-12.688137
273	4	2	-12.836147	0.776810	6.595879	6.142496	3.595830	-14.408067	6.601603	7.639609	6.259319
274	1	100	6.087609	0.606122	-11.962535	-11.949316	-10.951418	10.873479	-9.427975	-7.848415	-7.642472
275	4	10	-6.857475	2.901442	-4.882842	4.547629	-3.317284	-10.340688	3.598318	6.456017	6.528993
275	4	14	9.095869	-0.325152	-12.863475	-6.043451	3.136728	-0.120541	-0.705610	-4.382368	-2.672597
275	4	19	5.429198	-0.322786	-7.171233	2.472084	-3.192462	-15.753443	3.598319	6.456017	6.528993
275	4	18	9.098036	-0.325152	-12.864642	-6.083551	-3.264374	3.232207	-6.633563	-8.644519	-6.953572
276	4	62	-9.629258	2.534066	-7.500495	-13.394684	4.464457	4.835133	-6.743070	-14.905698	-8.357591
276	4	6	1.364294	0.341434	-6.544914	-10.775823	4.693739	-0.464003	-1.585050	-9.826980	-5.450508
276	4	17	-9.766795	2.494412	-2.532727	-2.845151	4.466639	-12.203368	4.969753	4.724369	7.165610
276	4	13	-12.164056	0.060743	4.164403	1.395273	7.382808	-21.779645	4.969776	4.724369	7.165611
277	4	87	4.183363	-0.123690	-9.677827	-6.777006	-6.301818	11.370466	-10.021815	-9.375307	-12.606798
277	4	3	-2.367215	0.780302	6.676806	3.347867	3.675304	-14.238409	6.967350	6.598748	4.784336
277	4	5	-2.312888	0.780288	6.507908	3.347145	-2.838225	-9.912611	1.307185	6.585401	4.693943
277	4	1	3.679245	-0.123192	-5.009044	0.918720	-5.941772	-6.739265	1.307080	6.585398	4.693924
278	3	64	-6.962038	3.473744	-6.716808	0.208488	-2.509803	-11.576922	0.379921	9.057668	5.483732
278	3	24	-4.806138	3.437644	-6.849181	-10.845284	-2.555626	6.421153	-11.508275	-5.539982	-8.252541
278	3	12	1.364257	2.672594	-9.987739	-11.471512	-4.377662	6.417035	-12.499811	-5.539980	-8.254537
279	3	80	4.565266	-0.724700	-7.388423	-6.987820	-6.518000	7.840636	-11.604599	-12.329732	-14.241393
279	3	10	-4.184860	2.310725	-4.068643	-2.238775	3.455240	-4.152297	-0.052362	-6.629675	-6.986295
279	3	10	-10.066852	-0.330281	3.919649	6.656634	6.430872	-17.848651	5.204474	4.509803	2.161153
280	4	49	4.887702	1.673492	-11.248812	-11.381099	-7.371432	10.457994	-8.493552	-7.783033	-7.218238
280	4	16	-4.700813	4.824893	-11.984007	-9.815247	-6.359420	10.702609	-8.453626	-7.783033	-7.218228
280	4	11	-8.047262	4.828261	-8.793899	2.419932	-6.310715	-6.487512	1.795772	5.229722	9.000338
280	4	18	3.024519	1.674109	-7.958354	0.632827	-6.205120	-6.555644	1.801883	5.236824	9.000457
281	1	100	6.099002	-1.274312	-9.905984	-7.777764	-6.802297	9.328456	-12.486221	-10.580102	-11.803248
282	4	17	-7.566366	-0.593167	6.573488	6.935935	-4.282777	-14.160430	2.321649	5.803027	6.559277
282	4	41	6.280693	0.569819	-9.079609	-10.299464	-12.448818	9.146178	-9.905157	-5.791494	-9.048271
282	4	11	-5.469857	1.167950	-1.561787	5.307733	-8.537486	-13.271408	2.268859	5.780753	6.455785
282	4	6	-7.542109	-0.578829	2.991671	5.868445	-4.297396	-10.273199	-0.166476	-0.589928	-0.618161
283	4	56	6.540965	1.553591	-8.728254	-12.734027	-6.270002	9.686948	-11.526199	-10.747377	-8.245111
283	4	26	6.332691	1.548817	-3.401327	-2.239543	-6.264747	-4.719832	1.712536	5.546115	7.462915
283	4	5	-2.350335	0.793704	5.393702	2.594520	5.489418	-16.537750	7.277719	7.391117	7.489730
283	4	12	-2.345206	0.794228	5.347820	2.592101	-0.483265	-13.847301	3.528313	7.112145	7.489485
284	3	21	-0.134854	-1.336747	5.121587	-9.726763	4.646212	3.219046	-5.048808	-7.654017	-16.354469
284	3	77	-6.647643	1.196129	5.684194	-9.485667	4.590362	5.284619	-5.048713	-7.713992	-16.354613
284	3	2	-8.463597	1.196127	5.815561	1.783857	4.590364	-11.699388	4.493724	3.346835	0.807761
285	4	58	4.208031	0.968591	-11.752352	-11.446013	-7.519922	8.666338	-9.612112	-11.542854	-7.048863
285	4	17	-9.012544	3.829371	-3.544752	0.923003	-3.327179	-15.017999	2.514331	4.078329	5.462763
285	4	8	-14.199865	1.187875	4.814477	4.734677	2.679749	-20.068210	5.485701	4.098558	5.483308
285	4	16	-9.012923	3.827760	-3.287414	0.925795	1.175625	-16.346984	4.795842	4.098551	5.483170
286	1	100	5.335771	1.195767	-9.313480	-12.801126	-10.507939	10.001698	-13.903461	-5.558965	-8.222751
287	4	56	8.614729	-0.971032	-11.998232	-10.678880	-7.507571	8.444900	-6.617244	-12.865845	-10.249441
287	4	14	-9.544735	-0.457274	5.119332	6.820220	5.293994	-18.262019	6.551387	3.493042	6.896860
287	4	18	3.404582	-0.971031	-6.677204	0.704449	-7.507571	-14.623622	6.192921	3.481226	6.896860
287	4	12	-4.906194	2.511746	-3.783152	3.905422	-6.437346	-11.941030	6.192921	3.480951	6.896860
288	3	59	5.834531	-0.197662	-6.873225	-12.222302	-7.504855	7.367662	-8.339292	-12.256836	-4.579249
288	3	22	5.833905	-0.218870	-4.862436	-3.515285	-7.495461	-3.403353	1.273354	-0.856290	7.606861
288	3	19	-10.813398	1.010441	3.139207	1.729119	4.888565	-16.298517	5.036654	3.472505	8.592987
289	3	58	6.222282	0.608293	-6.063850	-0.833919	1.037969	-13.420051	4.963845	3.657137	5.343214
289	3	26	7.104250	0.371895	-12.544940	-11.657630	1.107823	3.084534	-5.264381	-13.647757	-8.162013
289	3	16	-7.140523	-0.125036	6.260979	6.608990	5.996315	-22.685596	6.449379	3.657137	5.399689
290	1	100	4.696428	-0.531902	-13.699015	-6.834896	-5.451670	8.780605	-8.471216	-7.889220	-15.952615
291	4	22	-12.784804	0.745563	7.525916	2.679072	7.068401	-15.697144	6.856041	6.434666	7.546830
291	4	47	-4.330626	4.102282	-3.719324	-12.418023	2.539744	8.537559	-2.626574	-6.843120	-11.015121
291	4	7	4.089166	0.760745	-6.848333	-16.110130	-3.224257	10.244238	-8.636200	-6.891057	-11.014835
291	4	17	-4.331023	4.102542	-3.724602	-12.418224	-4.000204	10.319168	-8.636224	-6.891057	-11.015141
292	2	25	6.516780	-0.353900	-14.080081	-6.783439	-5.420152	5.872749	-8.279783	-12.053455	-2.995656
292	2	75	-8.166629	-0.369523	4.315721	6.607830	4.460888	-20.481313	7.914679	4.657907	9.029913
293	4	18	4.509625	-0.543528	-9.644219	-9.977324	-7.439211	8.461330	-11.886883	-7.219861	-7.162343
293	4	29	-6.259991	-1.106413	1.935770	-7.305562	3.833405	3.335486	-8.088498	-5.525756	-7.162343
293	4	26	-11.485903	-1.298281	6.699175	1.921193	3.840836	-18.728636	4.871206	7.478007	6.132099
293	4	19	-5.690461	2.171507	-6.733581	-8.363848	-4.435768	10.037066	-11.881722	-7.287277	-7.162343
294	4	35	-3.191708	4.165870	-8.852032	-8.517337	-0.076758	10.133202	-7.050065	-8.278366	-6.963716
294	4	44	5.853122	0.468781	-12.139412	-12.599121	-5.204343	10.140306	-10.936175	-8.281079	-6.963721
294	4	9	-6.566517	1.920861	4.640611	5.540620	4.350328	-16.271112	7.012703	6.352787	5.109907
294	4	12	-6.100399	4.024183	-2.723023	4.980289	0.377032	-10.039070	6.149833	6.352741	5.108538
295	3	39	-9.142226	4.034568	-6.053215	1.047672	5.341744	-14.125191	5.542238	8.052651	7.043003
295	3	10	-7.292840	4.034568	-11.644307	-7.931609	5.330925	1.435836	-0.232401	-3.976973	-8.694635
295	3	51	-16.218620	0.794294	6.363209	7.174753	8.589605	-15.788783	5.544174	8.052653	7.043048
296	4	20	5.702615	-2.444481	-5.709547	0.331585	1.827300	-11.354164	6.457605	6.770977	6.587748
296	4	60	8.057396	-2.444481	-12.229051	-9.046934	1.474947	8.088196	-4.045433	-8.669777	-12.117346
296	4	11	8.057396	-2.444481	-12.229051	-9.046934	-4.033277	8.553961	-5.522538	-9.077494	-12.117348
296	4	9	-7.507802	-2.068542	5.619002	5.514349	7.034223	-16.883904	7.774969	6.770979	6.587770
297	2	2	-5.358143	0.514784	5.077106	3.412473	-3.212071	-10.237293	2.376240	6.899384	6.370419
297	2	98	5.987750	-1.024544	-8.982047	-11.965564	-9.383577	9.539038	-9.785096	-8.340843	-8.231193
298	4	5	-8.370744	2.186324	-0.023676	3.810066	-4.334510	-11.222117	2.770479	3.955612	5.639066
298	4	28	4.506017	1.693372	-13.718160	-12.271096	-9.552090	9.059668	-8.861603	-8.718415	-12.182770
298	4	14	-8.065478	2.390730	-4.407881	3.680872	-4.930868	-11.221077	2.589691	3.954252	5.621260
298	4	20	-2.962793	2.404446	-8.689772	-6.458367	-5.000900	9.061456	-8.457748	-8.718407	-12.114971
299	3	36	-6.947297	2.172239	-2.689433	2.528389	4.974101	-16.519086	5.765475	5.641065	4.812521
299	3	36	6.240555	-0.291478	-9.661484	-6.836513	-5.959053	3.253651	-4.743116	-11.378095	-9.761903
299	3	28	-8.445929	-0.296700	4.767157	7.844245	5.856036	-22.482340	5.772526	5.641196	4.812586
300	3	60	7.286375	-1.051591	-7.692398	-7.363561	5.390645	1.548753	0.661338	-12.287058	-4.352690
300	3	35	-1.812732	2.379164	-6.314557	1.409529	1.482120	-8.985378	2.663976	6.098354	3.125574
300	3	5	-7.172884	-1.249553	4.151220	6.433088	6.608947	-18.750983	6.442737	6.738867	3.125741
301	4	62	-10.257028	-1.117433	6.308257	8.695251	6.495509	-25.859870	5.416735	6.744253	7.232534
301	4	17	-0.673810	4.609299	-7.329653	-10.988875	-6.588318	7.538710	-13.023506	-4.687889	-7.693902
301	4	15	-11.856272	4.749872	-6.106191	2.738432	-4.929583	-15.914558	-0.110844	2.744699	3.289413
301	4	6	6.234536	-1.172956	-6.206222	-5.187470	-4.938303	4.805937	-11.418442	-4.686218	-7.693901
302	2	95	6.863868	-0.922421	-12.090616	-11.707235	-5.402679	7.193207	-5.101893	-9.482673	-8.498462
302	2	5	-5.814679	0.159196	3.936943	3.322628	3.976186	-13.002947	2.320770	1.662279	-1.182701
303	4	33	4.593169	0.196063	-9.127226	2.888479	-4.348445	-7.888954	2.518913	3.450786	9.357017
303	4	64	8.376076	0.196061	-17.297593	-6.039804	-4.348477	10.429480	-8.047148	-14.871128	-9.957508
303	4	1	0.983376	-3.375178	4.027841	2.901318	-3.682504	-9.457298	2.518913	3.450857	9.357017
303	4	1	0.579401	-1.010267	1.871600	2.911429	-2.811277	-9.214541	2.518913	3.450858	9.357017
304	3	26	-5.951838	0.057866	8.510962	5.758475	5.419568	-8.744896	6.951680	6.449562	6.771589
304	3	43	-3.984036	0.162441	4.091323	-6.087174	5.118685	7.774306	-4.320106	-5.686695	-8.325551
304	3	31	7.922196	-0.014687	-7.784233	-11.393263	-4.364794	9.975902	-7.328857	-5.687477	-8.325660
305	1	100	6.109198	0.241479	-11.888007	-8.565245	-7.955993	9.309796	-13.301645	-6.531149	-17.622910
306	2	66	-10.785733	1.426359	6.085169	3.901954	5.672497	-20.354960	9.001794	5.912399	6.688849
306	2	34	3.583774	0.169639	-9.151871	-12.432353	-4.925201	4.446146	-8.494326	-10.830490	-9.795194
307	4	17	-4.319869	0.375708	3.634288	-5.089443	7.914216	3.267957	-3.289285	-10.945024	-3.987532
307	4	41	-9.269776	0.375872	7.585314	3.820351	7.915761	-13.247287	5.247601	4.834019	7.694659
307	4	34	7.120771	0.864031	-7.907352	-7.696771	-3.066275	10.033836	-8.736167	-11.022653	-3.987551
307	4	8	7.120771	0.864031	-7.907347	-7.697312	3.241992	3.937708	-3.306516	-11.002966	-3.987548
308	3	22	-7.531037	3.399368	-11.499862	6.997344	-3.171183	-6.296378	-3.280344	5.168332	2.606275
308	3	69	4.856852	0.438803	-14.198269	-9.646381	-3.400465	9.547654	-15.728919	-4.755149	-5.786092
308	3	9	-7.531037	3.399368	-7.257694	7.054358	0.939953	-10.425999	2.300170	8.376847	7.923639
309	2	85	-11.054148	-0.281637	7.837404	3.087050	6.640896	-19.445080	5.604866	7.255911	5.965534
309	2	15	3.675728	-0.211371	-7.540278	-10.724564	-5.541078	7.130707	-9.249211	-10.003089	-8.751419
310	2	69	-14.304913	0.795366	6.075429	9.114638	6.063374	-18.003231	7.922166	3.960441	4.241376
310	2	31	-9.342890	2.007846	-7.834784	2.731263	-3.586285	2.773088	-7.759745	-13.874629	-13.298152
311	4	20	6.655333	-0.674797	-17.782152	-5.385879	-3.131149	4.793825	-5.527781	-2.905201	-9.770947
311	4	14	-7.966939	3.202403	-5.514907	0.095996	5.120638	-14.186239	7.839798	6.973043	7.807112
311	4	11	-5.420522	0.733036	1.083186	3.101352	7.417057	-18.829478	7.843321	6.973043	7.807146
311	4	42	1.370725	-0.674766	-7.911108	2.512278	3.390015	-20.992075	7.803528	6.973040	7.806762
312	4	62	-9.551833	0.100788	6.291890	7.717847	5.832912	-18.573714	8.674271	1.573904	6.503203
312	4	9	-4.078458	3.203371	-5.237629	-3.018286	0.776401	9.421308	-3.858823	-12.038657	-7.041158
312	4	8	6.359602	0.066689	-9.815795	-6.788947	-5.585419	9.529441	-10.133862	-12.063437	-7.041328
312	4	3	1.599101	0.110373	-3.443228	5.883136	0.508745	-12.638888	8.583511	1.573202	6.503202
313	2	46	3.148571	0.081542	-5.797087	-1.162603	3.305236	-18.807485	4.495272	6.107557	7.779191
313	2	54	-6.322125	-0.753059	6.380050	3.843722	6.398419	-25.665551	4.546196	6.107557	7.779364
314	4	40	5.666075	-2.581824	-7.903190	-9.715499	-3.715583	6.001199	-4.473573	-4.053370	-12.061266
314	4	16	1.783334	-6.403955	4.484731	-0.208401	-3.648046	-9.221376	6.001643	6.555880	0.098186
314	4	7	-10.153620	-1.316700	6.697818	4.831512	8.442027	-16.859728	6.751824	6.555886	0.098187
314	4	18	-3.787334	-1.295093	6.569462	4.816765	8.420015	-16.774842	6.751824	6.555886	0.098187
315	3	53	-11.824801	-0.085630	8.064508	2.042339	3.519056	-18.412132	1.879274	1.043505	-3.031594
315	3	33	-12.188034	-0.086241	8.440595	3.170425	3.519421	-24.478057	7.269241	8.274422	4.415159
315	3	14	5.272122	0.944776	-7.349787	-6.955478	-7.518758	7.252227	-9.282273	-6.866902	-6.318456
316	3	10	2.700121	0.098079	-12.590719	-1.891110	1.921364	-14.186917	3.215200	5.685121	6.056545
316	3	76	7.267972	0.094465	-18.083901	-14.375755	1.872959	2.882442	-9.832122	-12.234027	-12.974610
316	3	14	-5.255853	1.905944	-6.700107	2.552525	1.823355	-16.054854	3.139096	5.649446	6.045592
317	3	4	-4.153387	2.714451	-12.390836	2.390214	-0.481880	-4.528336	-3.638924	0.747635	4.663062
317	3	88	4.014067	1.064849	-18.706975	-6.921947	-3.953141	8.953028	-17.043497	-11.052823	-11.432532
317	3	8	-4.153572	2.714452	-9.845979	2.390322	5.592317	-9.301039	0.624138	2.078900	6.283540
318	4	29	-11.578478	1.557940	6.182596	4.326025	4.491631	-17.521441	5.582920	6.112158	6.947114
318	4	8	-7.176653	1.557940	6.126830	0.561836	4.491631	-0.870255	1.785141	-2.935070	-1.678625
318	4	19	4.501157	0.595533	-7.877943	-10.754366	1.049351	5.523543	-4.444206	-12.486935	-11.179680
318	4	10	2.337561	0.630883	-6.000470	0.514022	-5.204865	-10.349532	-0.195422	-0.357560	5.700566
319	4	8	-5.383503	3.917554	-4.795185	2.646293	-2.307641	-10.572192	3.313284	7.122298	7.650549
319	4	39	7.892540	-0.117871	-11.194227	-8.067838	-6.650491	6.293168	-8.711573	-10.899532	-10.434264
319	4	7	2.784403	-0.105802	-4.652166	1.911610	2.128176	-16.543008	9.229125	7.209865	7.652716
319	4	24	-7.915085	-0.434312	7.720302	5.428619	5.853742	-17.805518	9.230323	7.209876	7.652716
320	2	75	2.214060	-3.325521	-7.288615	2.920660	3.320607	-22.220017	5.900619	6.720564	6.598671
320	2	25	-9.466431	-3.846476	4.847478	6.868863	6.943328	-23.926921	5.904584	6.720762	6.598673
321	4	74	6.493071	-1.425812	-7.053531	-9.709452	1.851082	6.099038	-3.213474	-8.498769	-9.213429
321	4	3	4.522005	-2.008172	1.449756	-0.996014	2.697677	-10.251068	5.913506	7.640521	5.6